freq	Calculated velocity
Hz	m/s
10000 	0.000375800000 
10050 	0.000388350000 
10100 	0.000402730000 
10150 	0.000419450000 
10200 	0.000439220000 
10250 	0.000463030000 
10300 	0.000492400000 
10350 	0.000529670000 
10400 	0.000578690000 
10450 	0.000646200000 
10500 	0.000744930000 
10550 	0.000901050000 
10600 	0.001169600000 
10650 	0.001591900000 
10700 	0.001544600000 
10750 	0.000900170000 
10800 	0.000509260000 
10850 	0.000301900000 
10900 	0.000180000000 
10950 	0.000102960000 
11000 	0.000056638000 
11050 	0.000044689000 
11100 	0.000059881000 
11150 	0.000080354000 
11200 	0.000099434000 
11250 	0.000116270000 
11300 	0.000131040000 
11350 	0.000144080000 
11400 	0.000155670000 
11450 	0.000166070000 
11500 	0.000175480000 
11550 	0.000184060000 
11600 	0.000191940000 
11650 	0.000199220000 
11700 	0.000205990000 
11750 	0.000212330000 
11800 	0.000218300000 
11850 	0.000223930000 
11900 	0.000229290000 
11950 	0.000234400000 
12000 	0.000239300000 
12050 	0.000244020000 
12100 	0.000248570000 
12150 	0.000252990000 
12200 	0.000257280000 
12250 	0.000261450000 
12300 	0.000265540000 
12350 	0.000269530000 
12400 	0.000273460000 
12450 	0.000277310000 
12500 	0.000281100000 
12550 	0.000284840000 
12600 	0.000288540000 
12650 	0.000292190000 
12700 	0.000295810000 
12750 	0.000299400000 
12800 	0.000302960000 
12850 	0.000306500000 
12900 	0.000310030000 
12950 	0.000313530000 
13000 	0.000317030000 
13050 	0.000320520000 
13100 	0.000324000000 
13150 	0.000327490000 
13200 	0.000330970000 
13250 	0.000334460000 
13300 	0.000337950000 
13350 	0.000341450000 
13400 	0.000344970000 
13450 	0.000348500000 
13500 	0.000352050000 
13550 	0.000355610000 
13600 	0.000359200000 
13650 	0.000362810000 
13700 	0.000366440000 
13750 	0.000370110000 
13800 	0.000373810000 
13850 	0.000377540000 
13900 	0.000381300000 
13950 	0.000385110000 
14000 	0.000388950000 
14050 	0.000392850000 
14100 	0.000396790000 
14150 	0.000400770000 
14200 	0.000404820000 
14250 	0.000408920000 
14300 	0.000413080000 
14350 	0.000417300000 
14400 	0.000421590000 
14450 	0.000425960000 
14500 	0.000430400000 
14550 	0.000434920000 
14600 	0.000439530000 
14650 	0.000444230000 
14700 	0.000449030000 
14750 	0.000453930000 
14800 	0.000458940000 
14850 	0.000464060000 
14900 	0.000469310000 
14950 	0.000474700000 
15000 	0.000480220000 
15050 	0.000485900000 
15100 	0.000491740000 
15150 	0.000497750000 
15200 	0.000503950000 
15250 	0.000510350000 
15300 	0.000516960000 
15350 	0.000523800000 
15400 	0.000530890000 
15450 	0.000538240000 
15500 	0.000545890000 
15550 	0.000553840000 
15600 	0.000562140000 
15650 	0.000570800000 
15700 	0.000579860000 
15750 	0.000589360000 
15800 	0.000599330000 
15850 	0.000609830000 
15900 	0.000620900000 
15950 	0.000632600000 
16000 	0.000645000000 
16050 	0.000658180000 
16100 	0.000672230000 
16150 	0.000687240000 
16200 	0.000703350000 
16250 	0.000720690000 
16300 	0.000739440000 
16350 	0.000759800000 
16400 	0.000782000000 
16450 	0.000806350000 
16500 	0.000833220000 
16550 	0.000863040000 
16600 	0.000896390000 
16650 	0.000933980000 
16700 	0.000976750000 
16750 	0.001025900000 
16800 	0.001083100000 
16850 	0.001150500000 
16900 	0.001231400000 
16950 	0.001330100000 
17000 	0.001453500000 
17050 	0.001612100000 
17100 	0.001822900000 
17150 	0.002115400000 
17200 	0.002542000000 
17250 	0.003194300000 
17300 	0.004168900000 
17350 	0.005042000000 
17400 	0.004396500000 
17450 	0.003064000000 
17500 	0.002129100000 
17550 	0.001545300000 
17600 	0.001164000000 
17650 	0.000899660000 
17700 	0.000706960000 
17750 	0.000560660000 
17800 	0.000445980000 
17850 	0.000353790000 
17900 	0.000278230000 
17950 	0.000215450000 
18000 	0.000163000000 
18050 	0.000119630000 
18100 	0.000085602000 
18150 	0.000063784000 
18200 	0.000058955000 
18250 	0.000069376000 
18300 	0.000086944000 
18350 	0.000106490000 
18400 	0.000126040000 
18450 	0.000144900000 
18500 	0.000162860000 
18550 	0.000179900000 
18600 	0.000196030000 
18650 	0.000211330000 
18700 	0.000225850000 
18750 	0.000239680000 
18800 	0.000252870000 
18850 	0.000265480000 
18900 	0.000277560000 
18950 	0.000289170000 
19000 	0.000300340000 
19050 	0.000311120000 
19100 	0.000321540000 
19150 	0.000331630000 
19200 	0.000341420000 
19250 	0.000350930000 
19300 	0.000360190000 
19350 	0.000369220000 
19400 	0.000378050000 
19450 	0.000386680000 
19500 	0.000395140000 
19550 	0.000403430000 
19600 	0.000411580000 
19650 	0.000419600000 
19700 	0.000427500000 
19750 	0.000435300000 
19800 	0.000442990000 
19850 	0.000450590000 
19900 	0.000458120000 
19950 	0.000465580000 
20000 	0.000472980000 
20050 	0.000480320000 
20100 	0.000487620000 
20150 	0.000494880000 
20200 	0.000502100000 
20250 	0.000509300000 
20300 	0.000516480000 
20350 	0.000523650000 
20400 	0.000530810000 
20450 	0.000537960000 
20500 	0.000545120000 
20550 	0.000552290000 
20600 	0.000559470000 
20650 	0.000566670000 
20700 	0.000573900000 
20750 	0.000581150000 
20800 	0.000588440000 
20850 	0.000595780000 
20900 	0.000603150000 
20950 	0.000610580000 
21000 	0.000618060000 
21050 	0.000625600000 
21100 	0.000633210000 
21150 	0.000640890000 
21200 	0.000648640000 
21250 	0.000656480000 
21300 	0.000664410000 
21350 	0.000672420000 
21400 	0.000680540000 
21450 	0.000688760000 
21500 	0.000697090000 
21550 	0.000705530000 
21600 	0.000714100000 
21650 	0.000722790000 
21700 	0.000731620000 
21750 	0.000740600000 
21800 	0.000749720000 
21850 	0.000759000000 
21900 	0.000768450000 
21950 	0.000778070000 
22000 	0.000787880000 
22050 	0.000797880000 
22100 	0.000808080000 
22150 	0.000818510000 
22200 	0.000829150000 
22250 	0.000840040000 
22300 	0.000851180000 
22350 	0.000862590000 
22400 	0.000874290000 
22450 	0.000886280000 
22500 	0.000898580000 
22550 	0.000911220000 
22600 	0.000924210000 
22650 	0.000937580000 
22700 	0.000951340000 
22750 	0.000965530000 
22800 	0.000980160000 
22850 	0.000995260000 
22900 	0.001010900000 
22950 	0.001027000000 
23000 	0.001043700000 
23050 	0.001061100000 
23100 	0.001079000000 
23150 	0.001097700000 
23200 	0.001117200000 
23250 	0.001137400000 
23300 	0.001158500000 
23350 	0.001180500000 
23400 	0.001203600000 
23450 	0.001227700000 
23500 	0.001253100000 
23550 	0.001279700000 
23600 	0.001307700000 
23650 	0.001337300000 
23700 	0.001368500000 
23750 	0.001401600000 
23800 	0.001436700000 
23850 	0.001474000000 
23900 	0.001513900000 
23950 	0.001556500000 
24000 	0.001602200000 
24050 	0.001651400000 
24100 	0.001704500000 
24150 	0.001762100000 
24200 	0.001824700000 
24250 	0.001893100000 
24300 	0.001968200000 
24350 	0.002051100000 
24400 	0.002143000000 
24450 	0.002245700000 
24500 	0.002361200000 
24550 	0.002492000000 
24600 	0.002641700000 
24650 	0.002814500000 
24700 	0.003016300000 
24750 	0.003255200000 
24800 	0.003542300000 
24850 	0.003893500000 
24900 	0.004332300000 
24950 	0.004893800000 
25000 	0.005633300000 
25050 	0.006636900000 
25100 	0.008033700000 
25150 	0.009957500000 
25200 	0.012213000000 
25250 	0.013345000000 
25300 	0.011844000000 
25350 	0.009282300000 
25400 	0.007166300000 
25450 	0.005658900000 
25500 	0.004590000000 
25550 	0.003810100000 
25600 	0.003221900000 
25650 	0.002764900000 
25700 	0.002400500000 
25750 	0.002103600000 
25800 	0.001857100000 
25850 	0.001649200000 
25900 	0.001471500000 
25950 	0.001317800000 
26000 	0.001183400000 
26050 	0.001064800000 
26100 	0.000959390000 
26150 	0.000864940000 
26200 	0.000779780000 
26250 	0.000702550000 
26300 	0.000632150000 
26350 	0.000567660000 
26400 	0.000508330000 
26450 	0.000453570000 
26500 	0.000402840000 
26550 	0.000355730000 
26600 	0.000311900000 
26650 	0.000271080000 
26700 	0.000233100000 
26750 	0.000197870000 
26800 	0.000165450000 
26850 	0.000136120000 
26900 	0.000110570000 
26950 	0.000090215000 
27000 	0.000077379000 
27050 	0.000074411000 
27100 	0.000081162000 
27150 	0.000094699000 
27200 	0.000111950000 
27250 	0.000130990000 
27300 	0.000150790000 
27350 	0.000170820000 
27400 	0.000190800000 
27450 	0.000210580000 
27500 	0.000230090000 
27550 	0.000249290000 
27600 	0.000268160000 
27650 	0.000286720000 
27700 	0.000304960000 
27750 	0.000322890000 
27800 	0.000340540000 
27850 	0.000357920000 
27900 	0.000375040000 
27950 	0.000391930000 
28000 	0.000408590000 
28050 	0.000425060000 
28100 	0.000441340000 
28150 	0.000457450000 
28200 	0.000473400000 
28250 	0.000489220000 
28300 	0.000504910000 
28350 	0.000520500000 
28400 	0.000535990000 
28450 	0.000551400000 
28500 	0.000566740000 
28550 	0.000582030000 
28600 	0.000597280000 
28650 	0.000612500000 
28700 	0.000627710000 
28750 	0.000642910000 
28800 	0.000658120000 
28850 	0.000673350000 
28900 	0.000688620000 
28950 	0.000703940000 
29000 	0.000719320000 
29050 	0.000734760000 
29100 	0.000750300000 
29150 	0.000765930000 
29200 	0.000781680000 
29250 	0.000797550000 
29300 	0.000813560000 
29350 	0.000829720000 
29400 	0.000846060000 
29450 	0.000862580000 
29500 	0.000879300000 
29550 	0.000896250000 
29600 	0.000913440000 
29650 	0.000930900000 
29700 	0.000948640000 
29750 	0.000966690000 
29800 	0.000985080000 
29850 	0.001003800000 
29900 	0.001023000000 
29950 	0.001042600000 
30000 	0.001062700000 
30050 	0.001083300000 
30100 	0.001104500000 
30150 	0.001126300000 
30200 	0.001148900000 
30250 	0.001172200000 
30300 	0.001196500000 
30350 	0.001221800000 
30400 	0.001248200000 
30450 	0.001276000000 
30500 	0.001305300000 
30550 	0.001336500000 
30600 	0.001369900000 
30650 	0.001406000000 
30700 	0.001445400000 
30750 	0.001489100000 
30800 	0.001538200000 
30850 	0.001594700000 
30900 	0.001661600000 
30950 	0.001743400000 
31000 	0.001848200000 
31050 	0.001989900000 
31100 	0.002192100000 
31150 	0.002469700000 
31200 	0.002555900000 
31250 	0.001647000000 
31300 	0.000946620000 
31350 	0.000921100000 
31400 	0.001048400000 
31450 	0.001169200000 
31500 	0.001269900000 
31550 	0.001354900000 
31600 	0.001429200000 
31650 	0.001496200000 
31700 	0.001558300000 
31750 	0.001617300000 
31800 	0.001674200000 
31850 	0.001730000000 
31900 	0.001785300000 
31950 	0.001840700000 
32000 	0.001896600000 
32050 	0.001953400000 
32100 	0.002011500000 
32150 	0.002071200000 
32200 	0.002132700000 
32250 	0.002196500000 
32300 	0.002262900000 
32350 	0.002332200000 
32400 	0.002404700000 
32450 	0.002480900000 
32500 	0.002561200000 
32550 	0.002646000000 
32600 	0.002736000000 
32650 	0.002831700000 
32700 	0.002933700000 
32750 	0.003043000000 
32800 	0.003160400000 
32850 	0.003287000000 
32900 	0.003423900000 
32950 	0.003572800000 
33000 	0.003735300000 
33050 	0.003913400000 
33100 	0.004109900000 
33150 	0.004327600000 
33200 	0.004570400000 
33250 	0.004843100000 
33300 	0.005151700000 
33350 	0.005503800000 
33400 	0.005909500000 
33450 	0.006381900000 
33500 	0.006938800000 
33550 	0.007604700000 
33600 	0.008413900000 
33650 	0.009416000000 
33700 	0.010684000000 
33750 	0.012326000000 
33800 	0.014506000000 
33850 	0.017443000000 
33900 	0.021331000000 
33950 	0.025803000000 
34000 	0.028670000000 
34050 	0.027107000000 
34100 	0.022608000000 
34150 	0.018177000000 
34200 	0.014748000000 
34250 	0.012219000000 
34300 	0.010337000000 
34350 	0.008903400000 
34400 	0.007783800000 
34450 	0.006888900000 
34500 	0.006159100000 
34550 	0.005553300000 
34600 	0.005042900000 
34650 	0.004607000000 
34700 	0.004230500000 
34750 	0.003902000000 
34800 	0.003612800000 
34850 	0.003356100000 
34900 	0.003126700000 
34950 	0.002920200000 
35000 	0.002733400000 
35050 	0.002563500000 
35100 	0.002408100000 
35150 	0.002265500000 
35200 	0.002133900000 
35250 	0.002012200000 
35300 	0.001899100000 
35350 	0.001793700000 
35400 	0.001695200000 
35450 	0.001602800000 
35500 	0.001516000000 
35550 	0.001434200000 
35600 	0.001357000000 
35650 	0.001283800000 
35700 	0.001214400000 
35750 	0.001148400000 
35800 	0.001085500000 
35850 	0.001025600000 
35900 	0.000968220000 
35950 	0.000913320000 
36000 	0.000860670000 
36050 	0.000810110000 
36100 	0.000761470000 
36150 	0.000714630000 
36200 	0.000669460000 
36250 	0.000625860000 
36300 	0.000583710000 
36350 	0.000542940000 
36400 	0.000503460000 
36450 	0.000465200000 
36500 	0.000428100000 
36550 	0.000392130000 
36600 	0.000357240000 
36650 	0.000323410000 
36700 	0.000290660000 
36750 	0.000259020000 
36800 	0.000228560000 
36850 	0.000199440000 
36900 	0.000171940000 
36950 	0.000146530000 
37000 	0.000124040000 
37050 	0.000105860000 
37100 	0.000094012000 
37150 	0.000090555000 
37200 	0.000096006000 
37250 	0.000108730000 
37300 	0.000126320000 
37350 	0.000146850000 
37400 	0.000169120000 
37450 	0.000192420000 
37500 	0.000216340000 
37550 	0.000240620000 
37600 	0.000265110000 
37650 	0.000289720000 
37700 	0.000314390000 
37750 	0.000339090000 
37800 	0.000363800000 
37850 	0.000388500000 
37900 	0.000413190000 
37950 	0.000437870000 
38000 	0.000462550000 
38050 	0.000487220000 
38100 	0.000511900000 
38150 	0.000536600000 
38200 	0.000561320000 
38250 	0.000586080000 
38300 	0.000610880000 
38350 	0.000635750000 
38400 	0.000660690000 
38450 	0.000685710000 
38500 	0.000710820000 
38550 	0.000736050000 
38600 	0.000761400000 
38650 	0.000786880000 
38700 	0.000812520000 
38750 	0.000838320000 
38800 	0.000864300000 
38850 	0.000890480000 
38900 	0.000916860000 
38950 	0.000943470000 
39000 	0.000970310000 
39050 	0.000997410000 
39100 	0.001024800000 
39150 	0.001052500000 
39200 	0.001080400000 
39250 	0.001108700000 
39300 	0.001137400000 
39350 	0.001166400000 
39400 	0.001195700000 
39450 	0.001225500000 
39500 	0.001255700000 
39550 	0.001286400000 
39600 	0.001317500000 
39650 	0.001349100000 
39700 	0.001381200000 
39750 	0.001413900000 
39800 	0.001447100000 
39850 	0.001480900000 
39900 	0.001515300000 
39950 	0.001550400000 
40000 	0.001586200000 
40050 	0.001622700000 
40100 	0.001660000000 
40150 	0.001698000000 
40200 	0.001736900000 
40250 	0.001776700000 
40300 	0.001817400000 
40350 	0.001859000000 
40400 	0.001901700000 
40450 	0.001945400000 
40500 	0.001990200000 
40550 	0.002036300000 
40600 	0.002083500000 
40650 	0.002132100000 
40700 	0.002182100000 
40750 	0.002233500000 
40800 	0.002286500000 
40850 	0.002341100000 
40900 	0.002397400000 
40950 	0.002455500000 
41000 	0.002515600000 
41050 	0.002577700000 
41100 	0.002641900000 
41150 	0.002708500000 
41200 	0.002777600000 
41250 	0.002849200000 
41300 	0.002923600000 
41350 	0.003001000000 
41400 	0.003081600000 
41450 	0.003165600000 
41500 	0.003253200000 
41550 	0.003344700000 
41600 	0.003440400000 
41650 	0.003540600000 
41700 	0.003645700000 
41750 	0.003756100000 
41800 	0.003872200000 
41850 	0.003994500000 
41900 	0.004123500000 
41950 	0.004259900000 
42000 	0.004404400000 
42050 	0.004557600000 
42100 	0.004720600000 
42150 	0.004894200000 
42200 	0.005079700000 
42250 	0.005278200000 
42300 	0.005491400000 
42350 	0.005720900000 
42400 	0.005968800000 
42450 	0.006237400000 
42500 	0.006529400000 
42550 	0.006848200000 
42600 	0.007197600000 
42650 	0.007582400000 
42700 	0.008008400000 
42750 	0.008482400000 
42800 	0.009013400000 
42850 	0.009614400000 
42900 	0.010283000000 
42950 	0.011064000000 
43000 	0.011963000000 
43050 	0.013012000000 
43100 	0.014251000000 
43150 	0.015735000000 
43200 	0.017538000000 
43250 	0.019763000000 
43300 	0.022556000000 
43350 	0.026111000000 
43400 	0.030657000000 
43450 	0.036342000000 
43500 	0.042779000000 
43550 	0.048109000000 
43600 	0.049120000000 
43650 	0.044985000000 
43700 	0.038581000000 
43750 	0.032474000000 
43800 	0.027479000000 
43850 	0.023563000000 
43900 	0.020498000000 
43950 	0.018071000000 
44000 	0.016118000000 
44050 	0.014521000000 
44100 	0.013194000000 
44150 	0.012077000000 
44200 	0.011125000000 
44250 	0.010304000000 
44300 	0.009589500000 
44350 	0.008962300000 
44400 	0.008407400000 
44450 	0.007913000000 
44500 	0.007469900000 
44550 	0.007070300000 
44600 	0.006708100000 
44650 	0.006378300000 
44700 	0.006076600000 
44750 	0.005799600000 
44800 	0.005544200000 
44850 	0.005307900000 
44900 	0.005088700000 
44950 	0.004884500000 
45000 	0.004693800000 
45050 	0.004515200000 
45100 	0.004347600000 
45150 	0.004189700000 
45200 	0.004040800000 
45250 	0.003900000000 
45300 	0.003766500000 
45350 	0.003639800000 
45400 	0.003519300000 
45450 	0.003404400000 
45500 	0.003294800000 
45550 	0.003190000000 
45600 	0.003089600000 
45650 	0.002993400000 
45700 	0.002901100000 
45750 	0.002812300000 
45800 	0.002726800000 
45850 	0.002644500000 
45900 	0.002565000000 
45950 	0.002488300000 
46000 	0.002414100000 
46050 	0.002342300000 
46100 	0.002272800000 
46150 	0.002205300000 
46200 	0.002139900000 
46250 	0.002076300000 
46300 	0.002014400000 
46350 	0.001954200000 
46400 	0.001895600000 
46450 	0.001838400000 
46500 	0.001782600000 
46550 	0.001728200000 
46600 	0.001674900000 
46650 	0.001622800000 
46700 	0.001571900000 
46750 	0.001521900000 
46800 	0.001473000000 
46850 	0.001424900000 
46900 	0.001377800000 
46950 	0.001331400000 
47000 	0.001285900000 
47050 	0.001241100000 
47100 	0.001197000000 
47150 	0.001153500000 
47200 	0.001110700000 
47250 	0.001068500000 
47300 	0.001026800000 
47350 	0.000985630000 
47400 	0.000944980000 
47450 	0.000904790000 
47500 	0.000865040000 
47550 	0.000825720000 
47600 	0.000786800000 
47650 	0.000748270000 
47700 	0.000710100000 
47750 	0.000672290000 
47800 	0.000634830000 
47850 	0.000597720000 
47900 	0.000560950000 
47950 	0.000524530000 
48000 	0.000488500000 
48050 	0.000452870000 
48100 	0.000417700000 
48150 	0.000383070000 
48200 	0.000349100000 
48250 	0.000315950000 
48300 	0.000283900000 
48350 	0.000253330000 
48400 	0.000224850000 
48450 	0.000199340000 
48500 	0.000178120000 
48550 	0.000162920000 
48600 	0.000155570000 
48650 	0.000157280000 
48700 	0.000167860000 
48750 	0.000185910000 
48800 	0.000209620000 
48850 	0.000237420000 
48900 	0.000268140000 
48950 	0.000301000000 
49000 	0.000335500000 
49050 	0.000371270000 
49100 	0.000408110000 
49150 	0.000445850000 
49200 	0.000484400000 
49250 	0.000523690000 
49300 	0.000563680000 
49350 	0.000604350000 
49400 	0.000645680000 
49450 	0.000687670000 
49500 	0.000730320000 
49550 	0.000773650000 
49600 	0.000817670000 
49650 	0.000862400000 
49700 	0.000907870000 
49750 	0.000954100000 
49800 	0.001001100000 
49850 	0.001049000000 
49900 	0.001097600000 
49950 	0.001147200000 
50000 	0.001197800000 
50050 	0.001249300000 
50100 	0.001301800000 
50150 	0.001355400000 
50200 	0.001410100000 
50250 	0.001466000000 
50300 	0.001523100000 
50350 	0.001581500000 
50400 	0.001641300000 
50450 	0.001702500000 
50500 	0.001765200000 
50550 	0.001829500000 
50600 	0.001895400000 
50650 	0.001963200000 
50700 	0.002032700000 
50750 	0.002104200000 
50800 	0.002177800000 
50850 	0.002253600000 
50900 	0.002331700000 
50950 	0.002412200000 
51000 	0.002495300000 
51050 	0.002581100000 
51100 	0.002669900000 
51150 	0.002761700000 
51200 	0.002856900000 
51250 	0.002955500000 
51300 	0.003057900000 
51350 	0.003164300000 
51400 	0.003274900000 
51450 	0.003390100000 
51500 	0.003510100000 
51550 	0.003635400000 
51600 	0.003766300000 
51650 	0.003903200000 
51700 	0.004046700000 
51750 	0.004197200000 
51800 	0.004355300000 
51850 	0.004521600000 
51900 	0.004696900000 
51950 	0.004881900000 
52000 	0.005077500000 
52050 	0.005284800000 
52100 	0.005504700000 
52150 	0.005738700000 
52200 	0.005988000000 
52250 	0.006254400000 
52300 	0.006539700000 
52350 	0.006846100000 
52400 	0.007175900000 
52450 	0.007532100000 
52500 	0.007918100000 
52550 	0.008337600000 
52600 	0.008795400000 
52650 	0.009296900000 
52700 	0.009848600000 
52750 	0.010458000000 
52800 	0.011136000000 
52850 	0.011892000000 
52900 	0.012741000000 
52950 	0.013702000000 
53000 	0.014795000000 
53050 	0.016047000000 
53100 	0.017494000000 
53150 	0.019177000000 
53200 	0.021149000000 
53250 	0.023474000000 
53300 	0.026220000000 
53350 	0.029451000000 
53400 	0.033183000000 
53450 	0.037305000000 
53500 	0.041431000000 
53550 	0.044781000000 
53600 	0.046346000000 
53650 	0.045552000000 
53700 	0.042771000000 
53750 	0.038967000000 
53800 	0.034991000000 
53850 	0.031307000000 
53900 	0.028079000000 
53950 	0.025318000000 
54000 	0.022973000000 
54050 	0.020979000000 
54100 	0.019276000000 
54150 	0.017812000000 
54200 	0.016544000000 
54250 	0.015438000000 
54300 	0.014466000000 
54350 	0.013607000000 
54400 	0.012842000000 
54450 	0.012157000000 
54500 	0.011540000000 
54550 	0.010982000000 
54600 	0.010475000000 
54650 	0.010012000000 
54700 	0.009587200000 
54750 	0.009196700000 
54800 	0.008836200000 
54850 	0.008502300000 
54900 	0.008192100000 
54950 	0.007903100000 
55000 	0.007633100000 
55050 	0.007380300000 
55100 	0.007142900000 
55150 	0.006919600000 
55200 	0.006709000000 
55250 	0.006510100000 
55300 	0.006321700000 
55350 	0.006143200000 
55400 	0.005973500000 
55450 	0.005812100000 
55500 	0.005658300000 
55550 	0.005511500000 
55600 	0.005371100000 
55650 	0.005236700000 
55700 	0.005108000000 
55750 	0.004984400000 
55800 	0.004865600000 
55850 	0.004751300000 
55900 	0.004641200000 
55950 	0.004535100000 
56000 	0.004432600000 
56050 	0.004333600000 
56100 	0.004237800000 
56150 	0.004145000000 
56200 	0.004055100000 
56250 	0.003967900000 
56300 	0.003883200000 
56350 	0.003800900000 
56400 	0.003720900000 
56450 	0.003643000000 
56500 	0.003567100000 
56550 	0.003493100000 
56600 	0.003421000000 
56650 	0.003350600000 
56700 	0.003281800000 
56750 	0.003214500000 
56800 	0.003148700000 
56850 	0.003084300000 
56900 	0.003021200000 
56950 	0.002959300000 
57000 	0.002898500000 
57050 	0.002838900000 
57100 	0.002780300000 
57150 	0.002722700000 
57200 	0.002665900000 
57250 	0.002610100000 
57300 	0.002555100000 
57350 	0.002500800000 
57400 	0.002447300000 
57450 	0.002394500000 
57500 	0.002342400000 
57550 	0.002290900000 
57600 	0.002239900000 
57650 	0.002189600000 
57700 	0.002139800000 
57750 	0.002090500000 
57800 	0.002041700000 
57850 	0.001993500000 
57900 	0.001945600000 
57950 	0.001898200000 
58000 	0.001851300000 
58050 	0.001804800000 
58100 	0.001758700000 
58150 	0.001713100000 
58200 	0.001667900000 
58250 	0.001623100000 
58300 	0.001578800000 
58350 	0.001534900000 
58400 	0.001491600000 
58450 	0.001448700000 
58500 	0.001406300000 
58550 	0.001364400000 
58600 	0.001323100000 
58650 	0.001282200000 
58700 	0.001241800000 
58750 	0.001201800000 
58800 	0.001162300000 
58850 	0.001123000000 
58900 	0.001084000000 
58950 	0.001045200000 
59000 	0.001006500000 
59050 	0.000967840000 
59100 	0.000929210000 
59150 	0.000890570000 
59200 	0.000851910000 
59250 	0.000813230000 
59300 	0.000774590000 
59350 	0.000736020000 
59400 	0.000697620000 
59450 	0.000659480000 
59500 	0.000621750000 
59550 	0.000584580000 
59600 	0.000548190000 
59650 	0.000512840000 
59700 	0.000478880000 
59750 	0.000446730000 
59800 	0.000416920000 
59850 	0.000390110000 
59900 	0.000367090000 
59950 	0.000348740000 
60000 	0.000335970000 
60050 	0.000329580000 
60100 	0.000330090000 
60150 	0.000337610000 
60200 	0.000351850000 
60250 	0.000372190000 
60300 	0.000397850000 
60350 	0.000428000000 
60400 	0.000461900000 
60450 	0.000498930000 
60500 	0.000538580000 
60550 	0.000580430000 
60600 	0.000624170000 
60650 	0.000669550000 
60700 	0.000716380000 
60750 	0.000764510000 
60800 	0.000813840000 
60850 	0.000864270000 
60900 	0.000915740000 
60950 	0.000968190000 
61000 	0.001021600000 
61050 	0.001075900000 
61100 	0.001131200000 
61150 	0.001187300000 
61200 	0.001244300000 
61250 	0.001302200000 
61300 	0.001360900000 
61350 	0.001420600000 
61400 	0.001481100000 
61450 	0.001542600000 
61500 	0.001605000000 
61550 	0.001668300000 
61600 	0.001732500000 
61650 	0.001797700000 
61700 	0.001863900000 
61750 	0.001931100000 
61800 	0.001999300000 
61850 	0.002068500000 
61900 	0.002138800000 
61950 	0.002210200000 
62000 	0.002282700000 
62050 	0.002356400000 
62100 	0.002431200000 
62150 	0.002507300000 
62200 	0.002584500000 
62250 	0.002663100000 
62300 	0.002742900000 
62350 	0.002824000000 
62400 	0.002906500000 
62450 	0.002990400000 
62500 	0.003075800000 
62550 	0.003162600000 
62600 	0.003250900000 
62650 	0.003340800000 
62700 	0.003432300000 
62750 	0.003525400000 
62800 	0.003620200000 
62850 	0.003716700000 
62900 	0.003815000000 
62950 	0.003915100000 
63000 	0.004017100000 
63050 	0.004121000000 
63100 	0.004226900000 
63150 	0.004334800000 
63200 	0.004444900000 
63250 	0.004557100000 
63300 	0.004671500000 
63350 	0.004788200000 
63400 	0.004907200000 
63450 	0.005028700000 
63500 	0.005152600000 
63550 	0.005279100000 
63600 	0.005408300000 
63650 	0.005540200000 
63700 	0.005674800000 
63750 	0.005812400000 
63800 	0.005952900000 
63850 	0.006096600000 
63900 	0.006243300000 
63950 	0.006393400000 
64000 	0.006546800000 
64050 	0.006703700000 
64100 	0.006864200000 
64150 	0.007028400000 
64200 	0.007196400000 
64250 	0.007368300000 
64300 	0.007544400000 
64350 	0.007724700000 
64400 	0.007909300000 
64450 	0.008098400000 
64500 	0.008292200000 
64550 	0.008490900000 
64600 	0.008694500000 
64650 	0.008903300000 
64700 	0.009117500000 
64750 	0.009337200000 
64800 	0.009562700000 
64850 	0.009794100000 
64900 	0.010032000000 
64950 	0.010276000000 
65000 	0.010526000000 
65050 	0.010784000000 
65100 	0.011049000000 
65150 	0.011321000000 
65200 	0.011601000000 
65250 	0.011889000000 
65300 	0.012186000000 
65350 	0.012491000000 
65400 	0.012805000000 
65450 	0.013129000000 
65500 	0.013463000000 
65550 	0.013806000000 
65600 	0.014161000000 
65650 	0.014527000000 
65700 	0.014904000000 
65750 	0.015294000000 
65800 	0.015697000000 
65850 	0.016112000000 
65900 	0.016542000000 
65950 	0.016986000000 
66000 	0.017446000000 
66050 	0.017922000000 
66100 	0.018414000000 
66150 	0.018925000000 
66200 	0.019453000000 
66250 	0.020002000000 
66300 	0.020570000000 
66350 	0.021161000000 
66400 	0.021774000000 
66450 	0.022411000000 
66500 	0.023073000000 
66550 	0.023762000000 
66600 	0.024479000000 
66650 	0.025226000000 
66700 	0.026004000000 
66750 	0.026816000000 
66800 	0.027664000000 
66850 	0.028549000000 
66900 	0.029474000000 
66950 	0.030441000000 
67000 	0.031454000000 
67050 	0.032515000000 
67100 	0.033628000000 
67150 	0.034796000000 
67200 	0.036023000000 
67250 	0.037313000000 
67300 	0.038672000000 
67350 	0.040103000000 
67400 	0.041613000000 
67450 	0.043209000000 
67500 	0.044895000000 
67550 	0.046682000000 
67600 	0.048576000000 
67650 	0.050588000000 
67700 	0.052727000000 
67750 	0.055006000000 
67800 	0.057438000000 
67850 	0.060037000000 
67900 	0.062821000000 
67950 	0.065809000000 
68000 	0.069022000000 
68050 	0.072486000000 
68100 	0.076229000000 
68150 	0.080285000000 
68200 	0.084692000000 
68250 	0.089496000000 
68300 	0.094748000000 
68350 	0.100510000000 
68400 	0.106860000000 
68450 	0.113890000000 
68500 	0.121700000000 
68550 	0.130430000000 
68600 	0.140240000000 
68650 	0.151330000000 
68700 	0.163960000000 
68750 	0.178440000000 
68800 	0.195210000000 
68850 	0.214790000000 
68900 	0.237930000000 
68950 	0.265610000000 
69000 	0.299150000000 
69050 	0.340400000000 
69100 	0.391930000000 
69150 	0.457170000000 
69200 	0.540360000000 
69250 	0.645100000000 
69300 	0.768680000000 
69350 	0.888150000000 
69400 	0.951570000000 
69450 	0.921010000000 
69500 	0.825130000000 
69550 	0.715650000000 
69600 	0.619050000000 
69650 	0.540750000000 
69700 	0.478640000000 
69750 	0.429270000000 
69800 	0.389610000000 
69850 	0.357320000000 
69900 	0.330700000000 
69950 	0.308490000000 
70000 	0.289750000000 
70050 	0.273800000000 
70100 	0.260120000000 
70150 	0.248300000000 
70200 	0.238020000000 
70250 	0.229060000000 
70300 	0.221210000000 
70350 	0.214310000000 
70400 	0.208250000000 
70450 	0.202910000000 
70500 	0.198220000000 
70550 	0.194110000000 
70600 	0.190510000000 
70650 	0.187380000000 
70700 	0.184690000000 
70750 	0.182390000000 
70800 	0.180470000000 
70850 	0.178900000000 
70900 	0.177660000000 
70950 	0.176750000000 
71000 	0.176150000000 
71050 	0.175860000000 
71100 	0.175880000000 
71150 	0.176200000000 
71200 	0.176830000000 
71250 	0.177780000000 
71300 	0.179070000000 
71350 	0.180700000000 
71400 	0.182690000000 
71450 	0.185070000000 
71500 	0.187880000000 
71550 	0.191140000000 
71600 	0.194900000000 
71650 	0.199220000000 
71700 	0.204150000000 
71750 	0.209790000000 
71800 	0.216210000000 
71850 	0.223550000000 
71900 	0.231920000000 
71950 	0.241510000000 
72000 	0.252510000000 
72050 	0.265170000000 
72100 	0.279800000000 
72150 	0.296740000000 
72200 	0.316390000000 
72250 	0.339190000000 
72300 	0.365500000000 
72350 	0.395440000000 
72400 	0.428480000000 
72450 	0.462750000000 
72500 	0.494070000000 
72550 	0.515540000000 
72600 	0.519400000000 
72650 	0.501690000000 
72700 	0.465750000000 
72750 	0.419900000000 
72800 	0.372190000000 
72850 	0.327560000000 
72900 	0.288060000000 
72950 	0.254000000000 
73000 	0.224950000000 
73050 	0.200210000000 
73100 	0.179090000000 
73150 	0.160960000000 
73200 	0.145300000000 
73250 	0.131700000000 
73300 	0.119800000000 
73350 	0.109340000000 
73400 	0.100070000000 
73450 	0.091830000000 
73500 	0.084458000000 
73550 	0.077834000000 
73600 	0.071859000000 
73650 	0.066449000000 
73700 	0.061535000000 
73750 	0.057059000000 
73800 	0.052974000000 
73850 	0.049241000000 
73900 	0.045827000000 
73950 	0.042705000000 
74000 	0.039854000000 
74050 	0.037258000000 
74100 	0.034905000000 
74150 	0.032785000000 
74200 	0.030896000000 
74250 	0.029234000000 
74300 	0.027802000000 
74350 	0.026601000000 
74400 	0.025637000000 
74450 	0.024912000000 
74500 	0.024430000000 
74550 	0.024192000000 
74600 	0.024194000000 
74650 	0.024432000000 
74700 	0.024896000000 
74750 	0.025577000000 
74800 	0.026462000000 
74850 	0.027540000000 
74900 	0.028799000000 
74950 	0.030230000000 
75000 	0.031825000000 
75050 	0.033576000000 
75100 	0.035478000000 
75150 	0.037527000000 
75200 	0.039717000000 
75250 	0.042044000000 
75300 	0.044499000000 
75350 	0.047073000000 
75400 	0.049750000000 
75450 	0.052507000000 
75500 	0.055316000000 
75550 	0.058135000000 
75600 	0.060910000000 
75650 	0.063579000000 
75700 	0.066065000000 
75750 	0.068285000000 
75800 	0.070157000000 
75850 	0.071603000000 
75900 	0.072564000000 
75950 	0.073004000000 
76000 	0.072919000000 
76050 	0.072331000000 
76100 	0.071290000000 
76150 	0.069864000000 
76200 	0.068131000000 
76250 	0.066167000000 
76300 	0.064046000000 
76350 	0.061830000000 
76400 	0.059573000000 
76450 	0.057317000000 
76500 	0.055091000000 
76550 	0.052920000000 
76600 	0.050818000000 
76650 	0.048796000000 
76700 	0.046858000000 
76750 	0.045008000000 
76800 	0.043244000000 
76850 	0.041567000000 
76900 	0.039972000000 
76950 	0.038456000000 
77000 	0.037016000000 
77050 	0.035648000000 
77100 	0.034347000000 
77150 	0.033110000000 
77200 	0.031932000000 
77250 	0.030810000000 
77300 	0.029740000000 
77350 	0.028719000000 
77400 	0.027743000000 
77450 	0.026811000000 
77500 	0.025918000000 
77550 	0.025063000000 
77600 	0.024243000000 
77650 	0.023456000000 
77700 	0.022700000000 
77750 	0.021972000000 
77800 	0.021271000000 
77850 	0.020596000000 
77900 	0.019944000000 
77950 	0.019315000000 
78000 	0.018707000000 
78050 	0.018119000000 
78100 	0.017549000000 
78150 	0.016997000000 
78200 	0.016461000000 
78250 	0.015941000000 
78300 	0.015435000000 
78350 	0.014944000000 
78400 	0.014465000000 
78450 	0.013999000000 
78500 	0.013544000000 
78550 	0.013100000000 
78600 	0.012667000000 
78650 	0.012243000000 
78700 	0.011829000000 
78750 	0.011423000000 
78800 	0.011026000000 
78850 	0.010637000000 
78900 	0.010255000000 
78950 	0.009879700000 
79000 	0.009511600000 
79050 	0.009150100000 
79100 	0.008794700000 
79150 	0.008445500000 
79200 	0.008102200000 
79250 	0.007764700000 
79300 	0.007433000000 
79350 	0.007107300000 
79400 	0.006787700000 
79450 	0.006474600000 
79500 	0.006168400000 
79550 	0.005869900000 
79600 	0.005580000000 
79650 	0.005299900000 
79700 	0.005031300000 
79750 	0.004776300000 
79800 	0.004537600000 
79850 	0.004318500000 
79900 	0.004123200000 
79950 	0.003956400000 
80000 	0.003823500000 
80050 	0.003730100000 
80100 	0.003682100000 
80150 	0.003684100000 
80200 	0.003739800000 
80250 	0.003851000000 
80300 	0.004018000000 
80350 	0.004239300000 
80400 	0.004512900000 
80450 	0.004836400000 
80500 	0.005207500000 
80550 	0.005624400000 
80600 	0.006086200000 
80650 	0.006592600000 
80700 	0.007143900000 
80750 	0.007741600000 
80800 	0.008387600000 
80850 	0.009084700000 
80900 	0.009836200000 
80950 	0.010646000000 
81000 	0.011520000000 
81050 	0.012463000000 
81100 	0.013480000000 
81150 	0.014578000000 
81200 	0.015763000000 
81250 	0.017041000000 
81300 	0.018417000000 
81350 	0.019893000000 
81400 	0.021467000000 
81450 	0.023131000000 
81500 	0.024869000000 
81550 	0.026650000000 
81600 	0.028431000000 
81650 	0.030150000000 
81700 	0.031729000000 
81750 	0.033081000000 
81800 	0.034124000000 
81850 	0.034792000000 
81900 	0.035052000000 
81950 	0.034911000000 
82000 	0.034411000000 
82050 	0.033620000000 
82100 	0.032614000000 
82150 	0.031466000000 
82200 	0.030241000000 
82250 	0.028989000000 
82300 	0.027744000000 
82350 	0.026532000000 
82400 	0.025369000000 
82450 	0.024262000000 
82500 	0.023215000000 
82550 	0.022230000000 
82600 	0.021305000000 
82650 	0.020436000000 
82700 	0.019622000000 
82750 	0.018858000000 
82800 	0.018141000000 
82850 	0.017468000000 
82900 	0.016834000000 
82950 	0.016238000000 
83000 	0.015676000000 
83050 	0.015145000000 
83100 	0.014644000000 
83150 	0.014171000000 
83200 	0.013723000000 
83250 	0.013300000000 
83300 	0.012898000000 
83350 	0.012518000000 
83400 	0.012158000000 
83450 	0.011816000000 
83500 	0.011491000000 
83550 	0.011182000000 
83600 	0.010889000000 
83650 	0.010609000000 
83700 	0.010341000000 
83750 	0.010085000000 
83800 	0.009839100000 
83850 	0.009602200000 
83900 	0.009373600000 
83950 	0.009152200000 
84000 	0.008937400000 
84050 	0.008728700000 
84100 	0.008525500000 
84150 	0.008327600000 
84200 	0.008134900000 
84250 	0.007947100000 
84300 	0.007764400000 
84350 	0.007586700000 
84400 	0.007414200000 
84450 	0.007247000000 
84500 	0.007085300000 
84550 	0.006929300000 
84600 	0.006779200000 
84650 	0.006635200000 
84700 	0.006497700000 
84750 	0.006366900000 
84800 	0.006243000000 
84850 	0.006126600000 
84900 	0.006017800000 
84950 	0.005917000000 
85000 	0.005824700000 
85050 	0.005741300000 
85100 	0.005667200000 
85150 	0.005602800000 
85200 	0.005548600000 
85250 	0.005505100000 
85300 	0.005472600000 
85350 	0.005451700000 
85400 	0.005442700000 
85450 	0.005446000000 
85500 	0.005462000000 
85550 	0.005490900000 
85600 	0.005533000000 
85650 	0.005588600000 
85700 	0.005657700000 
85750 	0.005740900000 
85800 	0.005836400000 
85850 	0.005946500000 
85900 	0.006070000000 
85950 	0.006206900000 
86000 	0.006357100000 
86050 	0.006520300000 
86100 	0.006696200000 
86150 	0.006884500000 
86200 	0.007084900000 
86250 	0.007297100000 
86300 	0.007520500000 
86350 	0.007754600000 
86400 	0.007999100000 
86450 	0.008253100000 
86500 	0.008516000000 
86550 	0.008787200000 
86600 	0.009065600000 
86650 	0.009350400000 
86700 	0.009640400000 
86750 	0.009934500000 
86800 	0.010231000000 
86850 	0.010530000000 
86900 	0.010828000000 
86950 	0.011124000000 
87000 	0.011416000000 
87050 	0.011703000000 
87100 	0.011982000000 
87150 	0.012252000000 
87200 	0.012511000000 
87250 	0.012757000000 
87300 	0.012988000000 
87350 	0.013203000000 
87400 	0.013401000000 
87450 	0.013580000000 
87500 	0.013739000000 
87550 	0.013877000000 
87600 	0.013995000000 
87650 	0.014091000000 
87700 	0.014165000000 
87750 	0.014219000000 
87800 	0.014252000000 
87850 	0.014266000000 
87900 	0.014260000000 
87950 	0.014237000000 
88000 	0.014197000000 
88050 	0.014142000000 
88100 	0.014072000000 
88150 	0.013990000000 
88200 	0.013896000000 
88250 	0.013792000000 
88300 	0.013680000000 
88350 	0.013559000000 
88400 	0.013432000000 
88450 	0.013299000000 
88500 	0.013161000000 
88550 	0.013020000000 
88600 	0.012876000000 
88650 	0.012729000000 
88700 	0.012581000000 
88750 	0.012432000000 
88800 	0.012283000000 
88850 	0.012133000000 
88900 	0.011984000000 
88950 	0.011835000000 
89000 	0.011688000000 
89050 	0.011541000000 
89100 	0.011397000000 
89150 	0.011253000000 
89200 	0.011112000000 
89250 	0.010972000000 
89300 	0.010834000000 
89350 	0.010698000000 
89400 	0.010565000000 
89450 	0.010433000000 
89500 	0.010304000000 
89550 	0.010177000000 
89600 	0.010052000000 
89650 	0.009929800000 
89700 	0.009809400000 
89750 	0.009691200000 
89800 	0.009575200000 
89850 	0.009461300000 
89900 	0.009349600000 
89950 	0.009240000000 
90000 	0.009132400000 
90050 	0.009026900000 
90100 	0.008923300000 
90150 	0.008821800000 
90200 	0.008722100000 
90250 	0.008624400000 
90300 	0.008528600000 
90350 	0.008434500000 
90400 	0.008342300000 
90450 	0.008251900000 
90500 	0.008163200000 
90550 	0.008076200000 
90600 	0.007990800000 
90650 	0.007907200000 
90700 	0.007825100000 
90750 	0.007744700000 
90800 	0.007665800000 
90850 	0.007588400000 
90900 	0.007512600000 
90950 	0.007438300000 
91000 	0.007365500000 
91050 	0.007294200000 
91100 	0.007224300000 
91150 	0.007155800000 
91200 	0.007088700000 
91250 	0.007023100000 
91300 	0.006958800000 
91350 	0.006895800000 
91400 	0.006834300000 
91450 	0.006774000000 
91500 	0.006715100000 
91550 	0.006657500000 
91600 	0.006601100000 
91650 	0.006546000000 
91700 	0.006492200000 
91750 	0.006439500000 
91800 	0.006388100000 
91850 	0.006337800000 
91900 	0.006288700000 
91950 	0.006240700000 
92000 	0.006193800000 
92050 	0.006147900000 
92100 	0.006103000000 
92150 	0.006059000000 
92200 	0.006016000000 
92250 	0.005973900000 
92300 	0.005932600000 
92350 	0.005892100000 
92400 	0.005852300000 
92450 	0.005813100000 
92500 	0.005774700000 
92550 	0.005736800000 
92600 	0.005699400000 
92650 	0.005662400000 
92700 	0.005625900000 
92750 	0.005589800000 
92800 	0.005554000000 
92850 	0.005518500000 
92900 	0.005483200000 
92950 	0.005448100000 
93000 	0.005413100000 
93050 	0.005378300000 
93100 	0.005343600000 
93150 	0.005308900000 
93200 	0.005274300000 
93250 	0.005239700000 
93300 	0.005205100000 
93350 	0.005170400000 
93400 	0.005135800000 
93450 	0.005101100000 
93500 	0.005066400000 
93550 	0.005031600000 
93600 	0.004996800000 
93650 	0.004961900000 
93700 	0.004927000000 
93750 	0.004892100000 
93800 	0.004857100000 
93850 	0.004822100000 
93900 	0.004787100000 
93950 	0.004752000000 
94000 	0.004717000000 
94050 	0.004682000000 
94100 	0.004646900000 
94150 	0.004611900000 
94200 	0.004577000000 
94250 	0.004542000000 
94300 	0.004507200000 
94350 	0.004472400000 
94400 	0.004437600000 
94450 	0.004402900000 
94500 	0.004368400000 
94550 	0.004333900000 
94600 	0.004299500000 
94650 	0.004265300000 
94700 	0.004231200000 
94750 	0.004197200000 
94800 	0.004163300000 
94850 	0.004129600000 
94900 	0.004096100000 
94950 	0.004062700000 
95000 	0.004029500000 
95050 	0.003996500000 
95100 	0.003963700000 
95150 	0.003931100000 
95200 	0.003898700000 
95250 	0.003866600000 
95300 	0.003834600000 
95350 	0.003803000000 
95400 	0.003771500000 
95450 	0.003740400000 
95500 	0.003709500000 
95550 	0.003678900000 
95600 	0.003648700000 
95650 	0.003618700000 
95700 	0.003589100000 
95750 	0.003559900000 
95800 	0.003531000000 
95850 	0.003502600000 
95900 	0.003474500000 
95950 	0.003446900000 
96000 	0.003419800000 
96050 	0.003393200000 
96100 	0.003367100000 
96150 	0.003341500000 
96200 	0.003316600000 
96250 	0.003292300000 
96300 	0.003268600000 
96350 	0.003245600000 
96400 	0.003223400000 
96450 	0.003202000000 
96500 	0.003181500000 
96550 	0.003161800000 
96600 	0.003143100000 
96650 	0.003125400000 
96700 	0.003108800000 
96750 	0.003093400000 
96800 	0.003079200000 
96850 	0.003066200000 
96900 	0.003054700000 
96950 	0.003044600000 
97000 	0.003036100000 
97050 	0.003029200000 
97100 	0.003024000000 
97150 	0.003020700000 
97200 	0.003019200000 
97250 	0.003019800000 
97300 	0.003022600000 
97350 	0.003027500000 
97400 	0.003034700000 
97450 	0.003044400000 
97500 	0.003056600000 
97550 	0.003071300000 
97600 	0.003088800000 
97650 	0.003109000000 
97700 	0.003132000000 
97750 	0.003157900000 
97800 	0.003186700000 
97850 	0.003218500000 
97900 	0.003253200000 
97950 	0.003291000000 
98000 	0.003331600000 
98050 	0.003375200000 
98100 	0.003421600000 
98150 	0.003470800000 
98200 	0.003522600000 
98250 	0.003576800000 
98300 	0.003633400000 
98350 	0.003692100000 
98400 	0.003752600000 
98450 	0.003814700000 
98500 	0.003878100000 
98550 	0.003942400000 
98600 	0.004007400000 
98650 	0.004072500000 
98700 	0.004137500000 
98750 	0.004201800000 
98800 	0.004265100000 
98850 	0.004326900000 
98900 	0.004386700000 
98950 	0.004444200000 
99000 	0.004498900000 
99050 	0.004550400000 
99100 	0.004598300000 
99150 	0.004642300000 
99200 	0.004682100000 
99250 	0.004717500000 
99300 	0.004748300000 
99350 	0.004774300000 
99400 	0.004795400000 
99450 	0.004811600000 
99500 	0.004822900000 
99550 	0.004829400000 
99600 	0.004831200000 
99650 	0.004828400000 
99700 	0.004821300000 
99750 	0.004809900000 
99800 	0.004794600000 
99850 	0.004775600000 
99900 	0.004753200000 
99950 	0.004727500000 
100000 	0.004699000000 