freq	Measured velocity
Hz	m/s
50000 	0.000451134126 
50020 	0.000504874242 
50040 	0.000547300649 
50060 	0.000567099639 
50080 	0.000646295598 
50100 	0.000554371716 
50120 	0.000578413347 
50140 	0.000623668181 
50160 	0.000625082395 
50180 	0.000685893578 
50200 	0.000705692568 
50220 	0.000701449927 
50240 	0.000692964646 
50260 	0.000763675324 
50280 	0.000783474314 
50300 	0.000808930158 
50320 	0.000835800215 
50340 	0.000862670273 
50360 	0.000896611399 
50380 	0.000923481456 
50400 	0.000944694660 
50420 	0.000985706853 
50440 	0.000991363707 
50460 	0.001025304833 
50480 	0.001047932250 
50500 	0.001076216521 
50520 	0.001104500792 
50540 	0.001122885569 
50560 	0.001165311975 
50580 	0.001176625684 
50600 	0.001231780013 
50620 	0.001206324169 
50640 	0.001223294731 
50660 	0.001227537372 
50680 	0.001230365799 
50700 	0.001233194226 
50720 	0.001250164789 
50740 	0.001254407430 
50760 	0.001308147545 
50780 	0.001370372942 
50800 	0.001456639969 
50820 	0.001527350647 
50840 	0.001583919190 
50860 	0.001654629868 
50880 	0.001711198410 
50900 	0.001753624817 
50920 	0.001824335495 
50940 	0.001866761902 
50960 	0.001909188309 
50980 	0.001965756852 
51000 	0.001994041123 
51020 	0.002022325394 
51040 	0.002064751801 
51060 	0.002107178208 
51080 	0.002163746750 
51100 	0.002220315293 
51120 	0.002276883835 
51140 	0.002333452378 
51160 	0.002390020920 
51180 	0.002446589463 
51200 	0.002489015870 
51220 	0.002545584412 
51240 	0.002588010819 
51260 	0.002644579362 
51280 	0.002715290040 
51300 	0.002743574311 
51320 	0.002814284989 
51340 	0.002842569260 
51360 	0.002913279938 
51380 	0.002969848481 
51400 	0.003026417023 
51420 	0.003082985566 
51440 	0.003139554108 
51460 	0.003196122651 
51480 	0.003252691193 
51500 	0.003323401872 
51520 	0.003379970414 
51540 	0.003450681092 
51560 	0.003507249635 
51580 	0.003563818177 
51600 	0.003634528855 
51620 	0.003705239533 
51640 	0.003761808076 
51660 	0.003818376618 
51680 	0.003889087297 
51700 	0.003959797975 
51720 	0.004030508653 
51740 	0.004058792924 
51760 	0.004171930009 
51780 	0.004256782823 
51800 	0.004327493501 
51820 	0.004398204179 
51840 	0.004468914857 
51860 	0.004567909806 
51880 	0.004638620485 
51900 	0.004695189027 
51920 	0.004780041841 
51940 	0.004850752519 
51960 	0.004907321061 
51980 	0.004963889604 
52000 	0.005006316011 
52020 	0.005020458146 
52040 	0.005034600282 
52060 	0.005034600282 
52080 	0.005218448045 
52100 	0.005444722215 
52120 	0.005699280656 
52140 	0.005911412691 
52160 	0.006038691911 
52180 	0.006194255403 
52200 	0.006335676759 
52220 	0.006477098116 
52240 	0.006604377336 
52260 	0.006703372286 
52280 	0.006816509371 
52300 	0.006915504320 
52320 	0.007000357134 
52340 	0.007113494219 
52360 	0.007226631304 
52380 	0.007368052660 
52400 	0.007481189745 
52420 	0.007636753237 
52440 	0.007764032457 
52460 	0.007947880221 
52480 	0.008117585848 
52500 	0.008329717882 
52520 	0.008513565645 
52540 	0.008782266222 
52560 	0.009008540392 
52580 	0.009305525240 
52600 	0.009560083682 
52620 	0.009842926394 
52640 	0.010139911242 
52660 	0.010436896090 
52680 	0.011964246738 
52700 	0.013010764774 
52720 	0.013406744571 
52740 	0.012020815280 
52760 	0.012218805179 
52780 	0.012600642841 
52800 	0.012996622638 
52820 	0.013420886707 
52840 	0.013831008640 
52860 	0.014283556980 
52880 	0.014707821049 
52900 	0.015132085117 
52920 	0.015697770542 
52940 	0.016970562748 
52960 	0.016546298680 
52980 	0.017111984105 
53000 	0.017253405461 
53020 	0.017819090886 
53040 	0.017960512242 
53060 	0.019233304448 
53080 	0.019091883092 
53100 	0.019798989873 
53120 	0.020506096654 
53140 	0.021354624792 
53160 	0.023193102423 
53180 	0.024041630560 
53200 	0.024607315985 
53220 	0.025031580054 
53240 	0.027011479041 
53260 	0.027152900398 
53280 	0.028284271247 
53300 	0.030122748879 
53320 	0.030688434303 
53340 	0.031819805153 
53360 	0.032951176003 
53380 	0.033941125497 
53400 	0.034648232278 
53420 	0.035213917703 
53440 	0.037193816690 
53460 	0.036345288553 
53480 	0.035921024484 
53500 	0.036203867197 
53520 	0.035072496347 
53540 	0.036486709909 
53560 	0.033092597360 
53580 	0.032244069222 
53600 	0.031254119728 
53620 	0.030122748879 
53640 	0.028991378029 
53660 	0.027860007179 
53680 	0.026870057685 
53700 	0.025880108191 
53720 	0.025031580054 
53740 	0.024041630560 
53760 	0.023193102423 
53780 	0.022485995642 
53800 	0.021637467504 
53820 	0.020930360723 
53840 	0.020364675298 
53860 	0.019657568517 
53880 	0.019091883092 
53900 	0.018526197667 
53920 	0.017960512242 
53940 	0.017536248173 
53960 	0.016970562748 
53980 	0.016546298680 
54000 	0.016122034611 
54020 	0.015697770542 
54040 	0.015273506474 
54060 	0.014990663761 
54080 	0.014566399692 
54100 	0.014283556980 
54120 	0.013972429996 
54140 	0.013633018741 
54160 	0.013336033893 
54180 	0.013053191181 
54200 	0.012812774875 
54220 	0.012544074298 
54240 	0.012303657993 
54260 	0.012077383823 
54280 	0.011879393924 
54300 	0.011638977618 
54320 	0.011455129855 
54340 	0.011242997821 
54360 	0.011073292193 
54380 	0.010861160159 
54400 	0.010705596667 
54420 	0.010564175311 
54440 	0.010394469683 
54460 	0.010238906192 
54480 	0.010083342700 
54500 	0.009913637072 
54520 	0.009772215716 
54540 	0.009659078631 
54560 	0.009362093783 
54580 	0.007452905474 
54600 	0.008273149340 
54620 	0.009192388155 
54640 	0.009588367953 
54660 	0.008923687579 
54680 	0.008725697680 
54700 	0.008626702730 
54720 	0.008442854967 
54740 	0.008259007204 
54760 	0.008075159441 
54780 	0.007792316729 
54800 	0.007650895372 
54820 	0.007693321779 
54840 	0.007778174593 
54860 	0.007735748186 
54880 	0.007721606051 
54900 	0.007679179644 
54920 	0.007622611101 
54940 	0.007551900423 
54960 	0.007467047609 
54980 	0.007396336931 
55000 	0.007339768389 
55020 	0.007269057711 
55040 	0.007184204897 
55060 	0.007113494219 
55080 	0.007042783541 
55100 	0.007000357134 
55120 	0.006915504320 
55140 	0.006873077913 
55160 	0.006802367235 
55180 	0.006759940828 
55200 	0.006717514421 
55220 	0.006660945879 
55240 	0.006576093065 
55260 	0.006533666658 
55280 	0.006491240251 
55300 	0.006420529573 
55320 	0.006363961031 
55340 	0.006335676759 
55360 	0.006279108217 
55380 	0.006208397539 
55400 	0.006180113268 
55420 	0.006137686861 
55440 	0.006081118318 
55460 	0.006038691911 
55480 	0.005996265504 
55500 	0.005925554826 
55520 	0.005897270555 
55540 	0.005854844148 
55560 	0.005826559877 
55580 	0.005769991334 
55600 	0.005727564928 
55620 	0.005685138521 
55640 	0.005642712114 
55660 	0.005614427843 
55680 	0.005572001436 
55700 	0.005529575029 
55720 	0.005487148622 
55740 	0.005473006486 
55760 	0.005402295808 
55780 	0.005374011537 
55800 	0.005331585130 
55820 	0.005289158723 
55840 	0.005218448045 
55860 	0.005246732316 
55880 	0.005190163774 
55900 	0.005161879503 
55920 	0.005105310960 
55940 	0.005062884553 
55960 	0.005034600282 
55980 	0.004992173875 
56000 	0.004935605333 
56020 	0.004893178926 
56040 	0.004836610383 
56060 	0.004794183976 
56080 	0.004723473298 
56100 	0.004666904756 
56120 	0.004553767671 
56140 	0.004483056993 
56160 	0.004369919908 
56180 	0.004242640687 
56200 	0.004143645738 
56220 	0.004129503602 
56240 	0.004228498551 
56260 	0.004270924958 
56280 	0.004341635636 
56300 	0.004355777772 
56320 	0.004355777772 
56340 	0.004384062043 
56360 	0.004369919908 
56380 	0.004369919908 
56400 	0.004355777772 
56420 	0.004327493501 
56440 	0.004341635636 
56460 	0.004285067094 
56480 	0.004285067094 
56500 	0.004242640687 
56520 	0.004242640687 
56540 	0.004228498551 
56560 	0.004214356416 
56580 	0.004186072145 
56600 	0.004157787873 
56620 	0.004129503602 
56640 	0.004115361467 
56660 	0.004087077195 
56680 	0.004072935060 
56700 	0.004044650788 
56720 	0.004016366517 
56740 	0.004002224382 
56760 	0.003973940110 
56780 	0.003973940110 
56800 	0.003945655839 
56820 	0.003903229432 
56840 	0.003903229432 
56860 	0.003889087297 
56880 	0.003874945161 
56900 	0.003832518754 
56920 	0.003818376618 
56940 	0.003804234483 
56960 	0.003775950212 
56980 	0.003747665940 
57000 	0.003719381669 
57020 	0.003705239533 
57040 	0.003705239533 
57060 	0.003676955262 
57080 	0.003662813127 
57100 	0.003620386720 
57120 	0.003606244584 
57140 	0.003577960313 
57160 	0.003577960313 
57180 	0.003535533906 
57200 	0.003521391770 
57220 	0.003478965363 
57240 	0.003450681092 
57260 	0.003408254685 
57280 	0.003394112550 
57300 	0.003309259736 
57320 	0.003337544007 
57340 	0.004384062043 
57360 	0.003295117600 
57380 	0.003266833329 
57400 	0.003252691193 
57420 	0.003210264787 
57440 	0.003181980515 
57460 	0.003139554108 
57480 	0.003097127702 
57500 	0.003054701295 
57520 	0.002969848481 
57540 	0.002927422074 
57560 	0.002842569260 
57580 	0.002786000718 
57600 	0.002687005769 
57620 	0.002616295090 
57640 	0.002559726548 
57660 	0.002559726548 
57680 	0.002616295090 
57700 	0.002658721497 
57720 	0.002687005769 
57740 	0.002701147904 
57760 	0.002715290040 
57780 	0.002743574311 
57800 	0.002757716447 
57820 	0.002743574311 
57840 	0.002743574311 
57860 	0.002729432175 
57880 	0.002743574311 
57900 	0.002715290040 
57920 	0.002715290040 
57940 	0.002701147904 
57960 	0.002687005769 
57980 	0.002672863633 
58000 	0.002658721497 
58020 	0.002644579362 
58040 	0.002644579362 
58060 	0.002616295090 
58080 	0.002588010819 
58100 	0.002573868684 
58120 	0.002559726548 
58140 	0.002545584412 
58160 	0.002531442277 
58180 	0.002503158005 
58200 	0.002489015870 
58220 	0.002489015870 
58240 	0.002460731599 
58260 	0.002446589463 
58280 	0.002432447327 
58300 	0.002418305192 
58320 	0.002390020920 
58340 	0.002375878785 
58360 	0.002361736649 
58380 	0.002347594514 
58400 	0.002347594514 
58420 	0.002319310242 
58440 	0.002262741700 
58460 	0.002234457429 
58480 	0.002347594514 
58500 	0.002545584412 
58520 	0.002248599564 
58540 	0.002206173157 
58560 	0.002206173157 
58580 	0.002163746750 
58600 	0.002135462479 
58620 	0.002107178208 
58640 	0.002093036072 
58660 	0.002064751801 
58680 	0.002050609665 
58700 	0.002036467530 
58720 	0.002008183259 
58740 	0.001994041123 
58760 	0.001965756852 
58780 	0.001937472580 
58800 	0.001923330445 
58820 	0.001895046174 
58840 	0.001880904038 
58860 	0.001852619767 
58880 	0.001824335495 
58900 	0.001810193360 
58920 	0.001781909089 
58940 	0.001739482682 
58960 	0.001711198410 
58980 	0.001668772004 
59000 	0.001640487732 
59020 	0.001583919190 
59040 	0.001513208512 
59060 	0.001484924240 
59080 	0.001442497834 
59100 	0.001402899854 
59120 	0.001377444010 
59140 	0.001442497834 
59160 	0.001395828786 
59180 	0.001412799349 
59200 	0.001428355698 
59220 	0.001428355698 
59240 	0.001428355698 
59260 	0.001442497834 
59280 	0.001442497834 
59300 	0.001442497834 
59320 	0.001428355698 
59340 	0.001414213562 
59360 	0.001408556708 
59380 	0.001381686650 
59400 	0.001366130301 
59420 	0.001367544515 
59440 	0.001343502884 
59460 	0.001333603389 
59480 	0.001322289681 
59500 	0.001295419623 
59520 	0.001279863274 
59540 	0.001277034847 
59560 	0.001252993216 
59580 	0.001211981023 
59600 	0.001200667314 
59620 	0.001192182033 
59640 	0.001185110965 
59660 	0.001145512986 
59680 	0.001135613491 
59700 	0.001117228714 
59720 	0.001097429724 
59740 	0.001071973880 
59760 	0.001047932250 
59780 	0.001043689609 
59800 	0.001019647978 
59820 	0.001004091629 
59840 	0.000957422582 
59860 	0.000946108873 
59880 	0.000943280446 
59900 	0.000934795165 
59920 	0.000905096680 
59940 	0.000898025612 
59960 	0.000883883476 
59980 	0.000857013419 
60000 	0.000828729148 
60020 	0.000828729148 
60040 	0.000808930158 
60060 	0.000797616449 
60080 	0.000780645886 
60100 	0.000760846897 
60120 	0.000750947402 
60140 	0.000736805266 
60160 	0.000667508801 
60180 	0.000704278354 
60200 	0.000697207286 
60220 	0.000690136218 
60240 	0.000667508801 
60260 	0.000644881384 
60280 	0.000654780879 
60300 	0.000633567676 
60320 	0.000620839754 
60340 	0.000626496608 
60360 	0.000610940259 
60380 	0.000596798123 
60400 	0.000596798123 
60420 	0.000596798123 
60440 	0.000557200144 
60460 	0.000585484415 
60480 	0.000576999133 
60500 	0.000567099639 
60520 	0.000585484415 
60540 	0.000560028571 
60560 	0.000547300649 
60580 	0.000548714862 
60600 	0.000527501659 
60620 	0.000557200144 
60640 	0.000550129076 
60660 	0.000572756493 
60680 	0.000609526045 
60700 	0.000625082395 
60720 	0.000647709812 
60740 	0.000673165656 
60760 	0.000698621500 
60780 	0.000714177849 
60800 	0.000748118974 
60820 	0.000760846897 
60840 	0.000779231673 
60860 	0.000806101731 
60880 	0.000834386002 
60900 	0.000849942351 
60920 	0.000876812409 
60940 	0.000900854039 
60960 	0.000907925107 
60980 	0.000950351514 
61000 	0.000978635785 
61020 	0.000984292639 
61040 	0.001021062192 
61060 	0.001047932250 
61080 	0.001074802307 
61100 	0.001090358657 
61120 	0.001114400287 
61140 	0.001151169840 
61160 	0.001172383043 
61180 	0.001195010460 
61200 	0.001228951586 
61220 	0.001252993216 
61240 	0.001277034847 
61260 	0.001303904905 
61280 	0.001330774962 
61300 	0.001359059233 
61320 	0.001391586145 
61340 	0.001409970922 
61360 	0.001456639969 
61380 	0.001470782105 
61400 	0.001569777054 
61420 	0.001513208512 
61440 	0.001499066376 
61460 	0.001583919190 
61480 	0.001640487732 
61500 	0.001682914139 
61520 	0.001739482682 
61540 	0.001767766953 
61560 	0.001824335495 
61580 	0.001866761902 
61600 	0.001937472580 
61620 	0.001994041123 
61640 	0.002050609665 
61660 	0.002121320344 
61680 	0.002163746750 
61700 	0.002220315293 
61720 	0.002276883835 
61740 	0.002333452378 
61760 	0.002361736649 
61780 	0.002418305192 
61800 	0.002460731599 
61820 	0.002503158005 
61840 	0.002531442277 
61860 	0.002573868684 
61880 	0.002616295090 
61900 	0.002630437226 
61920 	0.002658721497 
61940 	0.002672863633 
61960 	0.002701147904 
61980 	0.002729432175 
62000 	0.002729432175 
62020 	0.002743574311 
62040 	0.002743574311 
62060 	0.002729432175 
62080 	0.002715290040 
62100 	0.002715290040 
62120 	0.002672863633 
62140 	0.002672863633 
62160 	0.002672863633 
62180 	0.002786000718 
62200 	0.002870853532 
62220 	0.002983990617 
62240 	0.003068843430 
62260 	0.003153696244 
62280 	0.003224406922 
62300 	0.003295117600 
62320 	0.003365828278 
62340 	0.003436538957 
62360 	0.003493107499 
62380 	0.003535533906 
62400 	0.003592102448 
62420 	0.003648670991 
62440 	0.003676955262 
62460 	0.003733523805 
62480 	0.003775950212 
62500 	0.003818376618 
62520 	0.003874945161 
62540 	0.003917371568 
62560 	0.003945655839 
62580 	0.004002224382 
62600 	0.004044650788 
62620 	0.004157787873 
62640 	0.004115361467 
62660 	0.004200214280 
62680 	0.004242640687 
62700 	0.004299209230 
62720 	0.004327493501 
62740 	0.004369919908 
62760 	0.004440630586 
62780 	0.004468914857 
62800 	0.004525483400 
62820 	0.004582051942 
62840 	0.004638620485 
62860 	0.004695189027 
62880 	0.004723473298 
62900 	0.004794183976 
62920 	0.004836610383 
62940 	0.004893178926 
62960 	0.004949747468 
62980 	0.005062884553 
63000 	0.005062884553 
63020 	0.005133595231 
63040 	0.005176021638 
63060 	0.005246732316 
63080 	0.005289158723 
63100 	0.005359869401 
63120 	0.005416437944 
63140 	0.005458864351 
63160 	0.005529575029 
63180 	0.005586143571 
63200 	0.005656854249 
63220 	0.005727564928 
63240 	0.005769991334 
63260 	0.005840702013 
63280 	0.005925554826 
63300 	0.005953839098 
63320 	0.006010407640 
63340 	0.006066976183 
63360 	0.006123544725 
63380 	0.006194255403 
63400 	0.006264966081 
63420 	0.006307392488 
63440 	0.006406387438 
63460 	0.006462955980 
63480 	0.006533666658 
63500 	0.006590235201 
63520 	0.006660945879 
63540 	0.006731656557 
63560 	0.006774082964 
63580 	0.006844793642 
63600 	0.006915504320 
63620 	0.006957930727 
63640 	0.006986214998 
63660 	0.007014499269 
63680 	0.007042783541 
63700 	0.006986214998 
63720 	0.006972072862 
63740 	0.007056925676 
63760 	0.007269057711 
63780 	0.007467047609 
63800 	0.007636753237 
63820 	0.007764032457 
63840 	0.007891311678 
63860 	0.007990306627 
63880 	0.008075159441 
63900 	0.008145870119 
63920 	0.008287291476 
63940 	0.008358002154 
63960 	0.008442854967 
63980 	0.008555992052 
64000 	0.008626702730 
64020 	0.008739839815 
64040 	0.008824692629 
64060 	0.008937829714 
64080 	0.009036824664 
64100 	0.009121677477 
64120 	0.009220672427 
64140 	0.009333809512 
64160 	0.009461088732 
64180 	0.009560083682 
64200 	0.009630794360 
64220 	0.009743931445 
64240 	0.009885352801 
64260 	0.009998489886 
64280 	0.010055058428 
64300 	0.010196479785 
64320 	0.010309616870 
64340 	0.010352043277 
64360 	0.010535891040 
64380 	0.010649028125 
64400 	0.010762165210 
64420 	0.010889444430 
64440 	0.010988439380 
64460 	0.011101576465 
64480 	0.011257139956 
64500 	0.011356134906 
64520 	0.011440987720 
64540 	0.011610693347 
64560 	0.011723830432 
64580 	0.011851109653 
64600 	0.012006673145 
64620 	0.012105668094 
64640 	0.012176378772 
64660 	0.012374368671 
64680 	0.012487505756 
64700 	0.012643069248 
64720 	0.012770348468 
64740 	0.012925911960 
64760 	0.013095617588 
64780 	0.013222896808 
64800 	0.013378460300 
64820 	0.013505739521 
64840 	0.013689587284 
64860 	0.013845150776 
64880 	0.014014856403 
64900 	0.014142135624 
64920 	0.014424978336 
64940 	0.014424978336 
64960 	0.014707821049 
64980 	0.014849242405 
65000 	0.014990663761 
65020 	0.015132085117 
65040 	0.015414927830 
65060 	0.015556349186 
65080 	0.015697770542 
65100 	0.015839191899 
65120 	0.016122034611 
65140 	0.016263455967 
65160 	0.016546298680 
65180 	0.016687720036 
65200 	0.016829141392 
65220 	0.017111984105 
65240 	0.017253405461 
65260 	0.017536248173 
65280 	0.017677669530 
65300 	0.017819090886 
65320 	0.017960512242 
65340 	0.018101933598 
65360 	0.018384776311 
65380 	0.018809040380 
65400 	0.019091883092 
65420 	0.019233304448 
65440 	0.019516147161 
65460 	0.019798989873 
65480 	0.019798989873 
65500 	0.020223253942 
65520 	0.020364675298 
65540 	0.020788939367 
65560 	0.021071782079 
65580 	0.021354624792 
65600 	0.021637467504 
65620 	0.021920310217 
65640 	0.022203152929 
65660 	0.022485995642 
65680 	0.022768838354 
65700 	0.023051681067 
65720 	0.023334523779 
65740 	0.023617366492 
65760 	0.024041630560 
65780 	0.024324473273 
65800 	0.024607315985 
65820 	0.025031580054 
65840 	0.025314422766 
65860 	0.025738686835 
65880 	0.026021529548 
65900 	0.026304372260 
65920 	0.026728636329 
65940 	0.027152900398 
65960 	0.027435743110 
65980 	0.027860007179 
66000 	0.028284271247 
66020 	0.028567113960 
66040 	0.028991378029 
66060 	0.029415642097 
66080 	0.029839906166 
66100 	0.030264170235 
66120 	0.030829855660 
66140 	0.031254119728 
66160 	0.031678383797 
66180 	0.032102647866 
66200 	0.032668333291 
66220 	0.033092597360 
66240 	0.033516861428 
66260 	0.034082546853 
66280 	0.034648232278 
66300 	0.035072496347 
66320 	0.035638181772 
66340 	0.036203867197 
66360 	0.036910973978 
66380 	0.037335238047 
66400 	0.037900923472 
66420 	0.038466608897 
66440 	0.039032294321 
66460 	0.039739401103 
66480 	0.040305086528 
66500 	0.041012193309 
66520 	0.041719300090 
66540 	0.042426406871 
66560 	0.043133513652 
66580 	0.043840620434 
66600 	0.044547727215 
66620 	0.045254833996 
66640 	0.045961940777 
66660 	0.046810468915 
66680 	0.047658997052 
66700 	0.048507525189 
66720 	0.049356053327 
66740 	0.050204581464 
66760 	0.051053109602 
66780 	0.052043059095 
66800 	0.052891587233 
66820 	0.053881536726 
66840 	0.055012907576 
66860 	0.056002857070 
66880 	0.056992806564 
66900 	0.058124177414 
66920 	0.059255548263 
66940 	0.060386919113 
66960 	0.061518289963 
66980 	0.062791082169 
67000 	0.064063874376 
67020 	0.065336666582 
67040 	0.066750880144 
67060 	0.068023672350 
67080 	0.069437885913 
67100 	0.070852099475 
67120 	0.072407734394 
67140 	0.073963369312 
67160 	0.075660425587 
67180 	0.077216060506 
67200 	0.079054538137 
67220 	0.080751594412 
67240 	0.082590072043 
67260 	0.084569971030 
67280 	0.086549870017 
67300 	0.088529769005 
67320 	0.090651089348 
67340 	0.092913831048 
67360 	0.095176572748 
67380 	0.097580735804 
67400 	0.099984898860 
67420 	0.102530483272 
67440 	0.105217489041 
67460 	0.107904494809 
67480 	0.110874343290 
67500 	0.113844191771 
67520 	0.116955461608 
67540 	0.120208152802 
67560 	0.123602265351 
67580 	0.127137799257 
67600 	0.130814754520 
67620 	0.134633131138 
67640 	0.138734350469 
67660 	0.142835569800 
67680 	0.147078210487 
67700 	0.152735064736 
67720 	0.156977705423 
67740 	0.162634559673 
67760 	0.166877200360 
67780 	0.172534054610 
67800 	0.179605122421 
67820 	0.185261976671 
67840 	0.190918830920 
67860 	0.197989898732 
67880 	0.206475180106 
67900 	0.213546247918 
67920 	0.222031529293 
67940 	0.231931024229 
67960 	0.240416305603 
67980 	0.250315800540 
68000 	0.260215295477 
68020 	0.270114790413 
68040 	0.280014285350 
68060 	0.291327993849 
68080 	0.302641702348 
68100 	0.312541197284 
68120 	0.323854905783 
68140 	0.335168614282 
68160 	0.346482322781 
68180 	0.356381817718 
68200 	0.366281312655 
68220 	0.376180807591 
68240 	0.384666088965 
68260 	0.390322943215 
68280 	0.395979797464 
68300 	0.400222438152 
68320 	0.404465078839 
68340 	0.407293505963 
68360 	0.407293505963 
68380 	0.407293505963 
68400 	0.407293505963 
68420 	0.404465078839 
68440 	0.401636651714 
68460 	0.397394011027 
68480 	0.393151370340 
68500 	0.388908729653 
68520 	0.383251875403 
68540 	0.377595021154 
68560 	0.370523953342 
68580 	0.364867099092 
68600 	0.357796031280 
68620 	0.350724963469 
68640 	0.343653895657 
68660 	0.336582827845 
68680 	0.329511760033 
68700 	0.322440692221 
68720 	0.316783837972 
68740 	0.309712770160 
68760 	0.302641702348 
68780 	0.296984848098 
68800 	0.291327993849 
68820 	0.285671139599 
68840 	0.280014285350 
68860 	0.274357431100 
68880 	0.268700576851 
68900 	0.263043722601 
68920 	0.258801081914 
68940 	0.254558441227 
68960 	0.248901586978 
68980 	0.244658946291 
69000 	0.241830519166 
69020 	0.237587878479 
69040 	0.233345237792 
69060 	0.230516810667 
69080 	0.226274169980 
69100 	0.223445742855 
69120 	0.220617315730 
69140 	0.217788888605 
69160 	0.213546247918 
69180 	0.210717820794 
69200 	0.209303607231 
69220 	0.206475180106 
69240 	0.203646752982 
69260 	0.200818325857 
69280 	0.199404112295 
69300 	0.196575685170 
69320 	0.195161471607 
69340 	0.192333044483 
69360 	0.190918830920 
69380 	0.189504617358 
69400 	0.186676190233 
69420 	0.185261976671 
69440 	0.183847763109 
69460 	0.182433549546 
69480 	0.181019335984 
69500 	0.179605122421 
69520 	0.178190908859 
69540 	0.176776695297 
69560 	0.175362481734 
69580 	0.173948268172 
69600 	0.173948268172 
69620 	0.172534054610 
69640 	0.171119841047 
69660 	0.169705627485 
69680 	0.169705627485 
69700 	0.168291413922 
69720 	0.168291413922 
69740 	0.166877200360 
69760 	0.165462986798 
69780 	0.165462986798 
69800 	0.165462986798 
69820 	0.164048773235 
69840 	0.164048773235 
69860 	0.162634559673 
69880 	0.162634559673 
69900 	0.162634559673 
69920 	0.161220346111 
69940 	0.161220346111 
69960 	0.161220346111 
69980 	0.159806132548 
70000 	0.159806132548 
70020 	0.159806132548 
70040 	0.159806132548 
70060 	0.159806132548 
70080 	0.158391918986 
70100 	0.158391918986 
70120 	0.158391918986 
70140 	0.158391918986 
70160 	0.158391918986 
70180 	0.158391918986 
70200 	0.158391918986 
70220 	0.158391918986 
70240 	0.158391918986 
70260 	0.158391918986 
70280 	0.158391918986 
70300 	0.159806132548 
70320 	0.159806132548 
70340 	0.159806132548 
70360 	0.159806132548 
70380 	0.159806132548 
70400 	0.161220346111 
70420 	0.161220346111 
70440 	0.161220346111 
70460 	0.161220346111 
70480 	0.162634559673 
70500 	0.162634559673 
70520 	0.162634559673 
70540 	0.164048773235 
70560 	0.164048773235 
70580 	0.165462986798 
70600 	0.165462986798 
70620 	0.166877200360 
70640 	0.166877200360 
70660 	0.168291413922 
70680 	0.168291413922 
70700 	0.169705627485 
70720 	0.171119841047 
70740 	0.171119841047 
70760 	0.172534054610 
70780 	0.173948268172 
70800 	0.175362481734 
70820 	0.175362481734 
70840 	0.176776695297 
70860 	0.178190908859 
70880 	0.179605122421 
70900 	0.181019335984 
70920 	0.182433549546 
70940 	0.183847763109 
70960 	0.185261976671 
70980 	0.186676190233 
71000 	0.189504617358 
71020 	0.190918830920 
71040 	0.192333044483 
71060 	0.195161471607 
71080 	0.196575685170 
71100 	0.199404112295 
71120 	0.200818325857 
71140 	0.203646752982 
71160 	0.206475180106 
71180 	0.209303607231 
71200 	0.212132034356 
71220 	0.213546247918 
71240 	0.240416305603 
71260 	0.257386868352 
71280 	0.261629509039 
71300 	0.265872149726 
71320 	0.270114790413 
71340 	0.250315800540 
71360 	0.237587878479 
71380 	0.241830519166 
71400 	0.246073159853 
71420 	0.250315800540 
71440 	0.254558441227 
71460 	0.260215295477 
71480 	0.264457936164 
71500 	0.270114790413 
71520 	0.275771644663 
71540 	0.281428498912 
71560 	0.288499566724 
71580 	0.294156420974 
71600 	0.301227488785 
71620 	0.309712770160 
71640 	0.316783837972 
71660 	0.325269119346 
71680 	0.333754400720 
71700 	0.343653895657 
71720 	0.353553390593 
71740 	0.363452885530 
71760 	0.374766594029 
71780 	0.387494516090 
71800 	0.400222438152 
71820 	0.412950360213 
71840 	0.428506709399 
71860 	0.442648845023 
71880 	0.459619407771 
71900 	0.476589970520 
71920 	0.494974746831 
71940 	0.513359523141 
71960 	0.533158513015 
71980 	0.551543289326 
72000 	0.569928065636 
72020 	0.586898628385 
72040 	0.603869191133 
72060 	0.616597113195 
72080 	0.626496608131 
72100 	0.633567675943 
72120 	0.634981889506 
72140 	0.633567675943 
72160 	0.626496608131 
72180 	0.616597113195 
72200 	0.602454977571 
72220 	0.585484414822 
72240 	0.567099638512 
72260 	0.547300648638 
72280 	0.527501658765 
72300 	0.506288455330 
72320 	0.486489465456 
72340 	0.465276262021 
72360 	0.445477272148 
72380 	0.427092495837 
72400 	0.410121933088 
72420 	0.393151370340 
72440 	0.376180807591 
72460 	0.360624458405 
72480 	0.346482322781 
72500 	0.333754400720 
72520 	0.321026478659 
72540 	0.309712770160 
72560 	0.298399061661 
72580 	0.288499566724 
72600 	0.277185858225 
72620 	0.268700576851 
72640 	0.260215295477 
72660 	0.251730014102 
72680 	0.243244732728 
72700 	0.236173664916 
72720 	0.229102597104 
72740 	0.222031529293 
72760 	0.216374675043 
72780 	0.210717820794 
72800 	0.203646752982 
72820 	0.199404112295 
72840 	0.193747258045 
72860 	0.188090403796 
72880 	0.183847763109 
72900 	0.179605122421 
72920 	0.175362481734 
72940 	0.171119841047 
72960 	0.166877200360 
72980 	0.164048773235 
73000 	0.159806132548 
73020 	0.156977705423 
73040 	0.152735064736 
73060 	0.149906637612 
73080 	0.147078210487 
73100 	0.144249783362 
73120 	0.140714249456 
73140 	0.137885822331 
73160 	0.135198816563 
73180 	0.132511810794 
73200 	0.129966226382 
73220 	0.127420641970 
73240 	0.125016478914 
73260 	0.122753737214 
73280 	0.120349574158 
73300 	0.118228253814 
73320 	0.116106933471 
73340 	0.113985613127 
73360 	0.111864292784 
73380 	0.109884393796 
73400 	0.107904494809 
73420 	0.106066017178 
73440 	0.104227539547 
73460 	0.102389061916 
73480 	0.100692005641 
73500 	0.098994949366 
73520 	0.097297893091 
73540 	0.095742258173 
73560 	0.094186623254 
73580 	0.092630988335 
73600 	0.091216774773 
73620 	0.089661139854 
73640 	0.088246926292 
73660 	0.086832712730 
73680 	0.085418499167 
73700 	0.084145706961 
73720 	0.082872914755 
73740 	0.081600122549 
73760 	0.080327330343 
73780 	0.079054538137 
73800 	0.077781745931 
73820 	0.076650375081 
73840 	0.075377582874 
73860 	0.074387633381 
73880 	0.073256262531 
73900 	0.072124891681 
73920 	0.071134942187 
73940 	0.070003571337 
73960 	0.069013621844 
73980 	0.068165093706 
74000 	0.067175144213 
74020 	0.066185194719 
74040 	0.065336666582 
74060 	0.064488138444 
74080 	0.063639610307 
74100 	0.062932503526 
74120 	0.062083975388 
74140 	0.061235447251 
74160 	0.060528340470 
74180 	0.059821233688 
74200 	0.059114126907 
74220 	0.058407020126 
74240 	0.057699913345 
74260 	0.057134227920 
74280 	0.056427121139 
74300 	0.055861435714 
74320 	0.055154328933 
74340 	0.054588643508 
74360 	0.054022958083 
74380 	0.053457272658 
74400 	0.052891587233 
74420 	0.052325901808 
74440 	0.051901637739 
74460 	0.051335952314 
74480 	0.050911688245 
74500 	0.050487424177 
74520 	0.049921738752 
74540 	0.049497474683 
74560 	0.049073210614 
74580 	0.048648946546 
74600 	0.048366103833 
74620 	0.047941839764 
74640 	0.047517575696 
74660 	0.047234732983 
74680 	0.046810468915 
74700 	0.046527626202 
74720 	0.046244783490 
74740 	0.045820519421 
74760 	0.045537676708 
74780 	0.045254833996 
74800 	0.044971991283 
74820 	0.044689148571 
74840 	0.044264884502 
74860 	0.044123463146 
74880 	0.043840620434 
74900 	0.043557777721 
74920 	0.043274935009 
74940 	0.042992092296 
74960 	0.042709249584 
74980 	0.042426406871 
75000 	0.042143564159 
75020 	0.042002142802 
75040 	0.041719300090 
75060 	0.041436457378 
75080 	0.041153614665 
75100 	0.040870771953 
75120 	0.040587929240 
75140 	0.040446507884 
75160 	0.040163665171 
75180 	0.039880822459 
75200 	0.039597979746 
75220 	0.039315137034 
75240 	0.039032294321 
75260 	0.038749451609 
75280 	0.038466608897 
75300 	0.038325187540 
75320 	0.038042344828 
75340 	0.037759502115 
75360 	0.037476659403 
75380 	0.037193816690 
75400 	0.036910973978 
75420 	0.036628131265 
75440 	0.036345288553 
75460 	0.036062445841 
75480 	0.035779603128 
75500 	0.035496760416 
75520 	0.035213917703 
75540 	0.034931074991 
75560 	0.034789653634 
75580 	0.034365389566 
75600 	0.034082546853 
75620 	0.033799704141 
75640 	0.033516861428 
75660 	0.033092597360 
75680 	0.032951176003 
75700 	0.032668333291 
75720 	0.032385490578 
75740 	0.032102647866 
75760 	0.031819805153 
75780 	0.031536962441 
75800 	0.031254119728 
75820 	0.030971277016 
75840 	0.030688434303 
75860 	0.030405591591 
75880 	0.029981327522 
75900 	0.029839906166 
75920 	0.029698484810 
75940 	0.029415642097 
75960 	0.029274220741 
75980 	0.028991378029 
76000 	0.028708535316 
76020 	0.028567113960 
76040 	0.028284271247 
76060 	0.028001428535 
76080 	0.027860007179 
76100 	0.027577164466 
76120 	0.027435743110 
76140 	0.027152900398 
76160 	0.027011479041 
76180 	0.026728636329 
76200 	0.026587214973 
76220 	0.026304372260 
76240 	0.026162950904 
76260 	0.026021529548 
76280 	0.025738686835 
76300 	0.025455844123 
76320 	0.025314422766 
76340 	0.025173001410 
76360 	0.024890158698 
76380 	0.024748737342 
76400 	0.024607315985 
76420 	0.024465894629 
76440 	0.024183051917 
76460 	0.024041630560 
76480 	0.023900209204 
76500 	0.023758787848 
76520 	0.023617366492 
76540 	0.023334523779 
76560 	0.023193102423 
76580 	0.023051681067 
76600 	0.022910259710 
76620 	0.022768838354 
76640 	0.022627416998 
76660 	0.022344574285 
76680 	0.022203152929 
76700 	0.022061731573 
76720 	0.021920310217 
76740 	0.021778888861 
76760 	0.021637467504 
76780 	0.021496046148 
76800 	0.021354624792 
76820 	0.021213203436 
76840 	0.021071782079 
76860 	0.020930360723 
76880 	0.020788939367 
76900 	0.020647518011 
76920 	0.020506096654 
76940 	0.020364675298 
76960 	0.020223253942 
76980 	0.020081832586 
77000 	0.019940411229 
77020 	0.019798989873 
77040 	0.019657568517 
77060 	0.019516147161 
77080 	0.019374725805 
77100 	0.019374725805 
77120 	0.019233304448 
77140 	0.019091883092 
77160 	0.018950461736 
77180 	0.018809040380 
77200 	0.018667619023 
77220 	0.018526197667 
77240 	0.018526197667 
77260 	0.018384776311 
77280 	0.018243354955 
77300 	0.018101933598 
77320 	0.017960512242 
77340 	0.017819090886 
77360 	0.017819090886 
77380 	0.017677669530 
77400 	0.017536248173 
77420 	0.017394826817 
77440 	0.017394826817 
77460 	0.017253405461 
77480 	0.017111984105 
77500 	0.017111984105 
77520 	0.016970562748 
77540 	0.016829141392 
77560 	0.016829141392 
77580 	0.016687720036 
77600 	0.016546298680 
77620 	0.016404877324 
77640 	0.016263455967 
77660 	0.016263455967 
77680 	0.016122034611 
77700 	0.015980613255 
77720 	0.015980613255 
77740 	0.015839191899 
77760 	0.015697770542 
77780 	0.015556349186 
77800 	0.015273506474 
77820 	0.015132085117 
77840 	0.015132085117 
77860 	0.015273506474 
77880 	0.015273506474 
77900 	0.015132085117 
77920 	0.015132085117 
77940 	0.014990663761 
77960 	0.014990663761 
77980 	0.014849242405 
78000 	0.014707821049 
78020 	0.014707821049 
78040 	0.014707821049 
78060 	0.014566399692 
78080 	0.014424978336 
78100 	0.014424978336 
78120 	0.014283556980 
78140 	0.014283556980 
78160 	0.014142135624 
78180 	0.014113851352 
78200 	0.014014856403 
78220 	0.013972429996 
78240 	0.013901719318 
78260 	0.013816866504 
78280 	0.013732013691 
78300 	0.013661303013 
78320 	0.013618876606 
78340 	0.013534023792 
78360 	0.013449170978 
78380 	0.013406744571 
78400 	0.013350176029 
78420 	0.013279465351 
78440 	0.013208754673 
78460 	0.013166328266 
78480 	0.013095617588 
78500 	0.013024906909 
78520 	0.012968338367 
78540 	0.012911769824 
78560 	0.012826917011 
78580 	0.012812774875 
78600 	0.012727922061 
78620 	0.012671353519 
78640 	0.012614784976 
78660 	0.012572358569 
78680 	0.012529932163 
78700 	0.012459221485 
78720 	0.012388510806 
78740 	0.012360226535 
78760 	0.012303657993 
78780 	0.012232947315 
78800 	0.012190520908 
78820 	0.012133952365 
78840 	0.012091525958 
78860 	0.012020815280 
78880 	0.011978388873 
78900 	0.011921820331 
78920 	0.011893536060 
78940 	0.011822825381 
78960 	0.011780398975 
78980 	0.011766256839 
79000 	0.011681404025 
79020 	0.011624835483 
79040 	0.011582409076 
79060 	0.011539982669 
79080 	0.011483414126 
79100 	0.011426845584 
79120 	0.011384419177 
79140 	0.011341992770 
79160 	0.011271282092 
79180 	0.011257139956 
79200 	0.011172287143 
79220 	0.011129860736 
79240 	0.011087434329 
79260 	0.011016723651 
79280 	0.010988439380 
79300 	0.010960155108 
79320 	0.010903586566 
79340 	0.010875302295 
79360 	0.010818733752 
79380 	0.010804591617 
79400 	0.010748023074 
79420 	0.010719738803 
79440 	0.010705596667 
79460 	0.010592459582 
79480 	0.010578317447 
79500 	0.010366185412 
79520 	0.010550033175 
79540 	0.010451038226 
79560 	0.010422753955 
79580 	0.010408611819 
79600 	0.010366185412 
79620 	0.010238906192 
79640 	0.010281332598 
79660 	0.010210621920 
79680 	0.010196479785 
79700 	0.010125769107 
79720 	0.010069200564 
79740 	0.009941921343 
79760 	0.009814642123 
79780 	0.009616652224 
79800 	0.009616652224 
79820 	0.009772215716 
79840 	0.009842926394 
79860 	0.009913637072 
79880 	0.009956063479 
79900 	0.009970205615 
79920 	0.010026774157 
79940 	0.009970205615 
79960 	0.009984347750 
79980 	0.009984347750 
80000 	0.009984347750 
80020 	0.009885352801 
80040 	0.010012632022 
80060 	0.009984347750 
80080 	0.009970205615 
80100 	0.009998489886 
80120 	0.009998489886 
80140 	0.009998489886 
80160 	0.009998489886 
80180 	0.010012632022 
80200 	0.010012632022 
80220 	0.010055058428 
80240 	0.010055058428 
80260 	0.010069200564 
80280 	0.010083342700 
80300 	0.010111626971 
80320 	0.010139911242 
80340 	0.010154053378 
80360 	0.010182337649 
80380 	0.010182337649 
80400 	0.010224764056 
80420 	0.010267190463 
80440 	0.010295474734 
80460 	0.010309616870 
80480 	0.010352043277 
80500 	0.010366185412 
80520 	0.010422753955 
80540 	0.010422753955 
80560 	0.010479322497 
80580 	0.010493464633 
80600 	0.010564175311 
80620 	0.010606601718 
80640 	0.010649028125 
80660 	0.010634885989 
80680 	0.010719738803 
80700 	0.010748023074 
80720 	0.010776307345 
80740 	0.010818733752 
80760 	0.010903586566 
80780 	0.010931870837 
80800 	0.010988439380 
80820 	0.011016723651 
80840 	0.011030865787 
80860 	0.011115718600 
80880 	0.011200571414 
80900 	0.011228855685 
80920 	0.011285424228 
80940 	0.011327850635 
80960 	0.011469271991 
80980 	0.011426845584 
81000 	0.011483414126 
81020 	0.011554124805 
81040 	0.011610693347 
81060 	0.011638977618 
81080 	0.011723830432 
81100 	0.011752114703 
81120 	0.011794541110 
81140 	0.011865251788 
81160 	0.011907678195 
81180 	0.011992531009 
81200 	0.012020815280 
81220 	0.012091525958 
81240 	0.012162236636 
81260 	0.012261231586 
81280 	0.012275373721 
81300 	0.012360226535 
81320 	0.012459221485 
81340 	0.012487505756 
81360 	0.012586500705 
81380 	0.012586500705 
81400 	0.012685495654 
81420 	0.012727922061 
81440 	0.012855201282 
81460 	0.012883485553 
81480 	0.012968338367 
81500 	0.012940054096 
81520 	0.013152186130 
81540 	0.013138043994 
81560 	0.013265323215 
81580 	0.013392602436 
81600 	0.013435028843 
81620 	0.013505739521 
81640 	0.013505739521 
81660 	0.013901719318 
81680 	0.014424978336 
81700 	0.013505739521 
81720 	0.013774440098 
81740 	0.014424978336 
81760 	0.014707821049 
81780 	0.016970562748 
81800 	0.009701505038 
81820 	0.025455844123 
81840 	0.013930003589 
81860 	0.010507606768 
81880 	0.015414927830 
81900 	0.025455844123 
81920 	0.016546298680 
81940 	0.013661303013 
81960 	0.014071424946 
81980 	0.014990663761 
82000 	0.013788582233 
82020 	0.014849242405 
82040 	0.014707821049 
82060 	0.014707821049 
82080 	0.014849242405 
82100 	0.014849242405 
82120 	0.014990663761 
82140 	0.014849242405 
82160 	0.014990663761 
82180 	0.014990663761 
82200 	0.014990663761 
82220 	0.014990663761 
82240 	0.015132085117 
82260 	0.015132085117 
82280 	0.015132085117 
82300 	0.015132085117 
82320 	0.015132085117 
82340 	0.015273506474 
82360 	0.015132085117 
82380 	0.015273506474 
82400 	0.015273506474 
82420 	0.015273506474 
82440 	0.015273506474 
82460 	0.015273506474 
82480 	0.015273506474 
82500 	0.015273506474 
82520 	0.015273506474 
82540 	0.015273506474 
82560 	0.015273506474 
82580 	0.015273506474 
82600 	0.015273506474 
82620 	0.015273506474 
82640 	0.015273506474 
82660 	0.015273506474 
82680 	0.015273506474 
82700 	0.015273506474 
82720 	0.015132085117 
82740 	0.015273506474 
82760 	0.015132085117 
82780 	0.015132085117 
82800 	0.015132085117 
82820 	0.015132085117 
82840 	0.015132085117 
82860 	0.015132085117 
82880 	0.015132085117 
82900 	0.015132085117 
82920 	0.014990663761 
82940 	0.014990663761 
82960 	0.014990663761 
82980 	0.014990663761 
83000 	0.014990663761 
83020 	0.014849242405 
83040 	0.014849242405 
83060 	0.014849242405 
83080 	0.014849242405 
83100 	0.014849242405 
83120 	0.014849242405 
83140 	0.014707821049 
83160 	0.014707821049 
83180 	0.014707821049 
83200 	0.014707821049 
83220 	0.014566399692 
83240 	0.014566399692 
83260 	0.014566399692 
83280 	0.014566399692 
83300 	0.014566399692 
83320 	0.014424978336 
83340 	0.014424978336 
83360 	0.014283556980 
83380 	0.014283556980 
83400 	0.014283556980 
83420 	0.014283556980 
83440 	0.014283556980 
83460 	0.014142135624 
83480 	0.014142135624 
83500 	0.014057282810 
83520 	0.014057282810 
83540 	0.014028998539 
83560 	0.014000714267 
83580 	0.013930003589 
83600 	0.013887577183 
83620 	0.013859292911 
83640 	0.013802724369 
83660 	0.013802724369 
83680 	0.013717871555 
83700 	0.013689587284 
83720 	0.013647160877 
83740 	0.013633018741 
83760 	0.013548165928 
83780 	0.013505739521 
83800 	0.013449170978 
83820 	0.013406744571 
83840 	0.013293607486 
83860 	0.013166328266 
83880 	0.012925911960 
83900 	0.012855201282 
83920 	0.012897627689 
83940 	0.013010764774 
83960 	0.013053191181 
83980 	0.013067333316 
84000 	0.013053191181 
84020 	0.013024906909 
84040 	0.012996622638 
84060 	0.012954196231 
84080 	0.012925911960 
84100 	0.012883485553 
84120 	0.012841059146 
84140 	0.012784490604 
84160 	0.012784490604 
84180 	0.012713779926 
84200 	0.012699637790 
84220 	0.012671353519 
84240 	0.012515790027 
84260 	0.012572358569 
84280 	0.012529932163 
84300 	0.012515790027 
84320 	0.012473363620 
84340 	0.012445079349 
84360 	0.012374368671 
84380 	0.012360226535 
84400 	0.012331942264 
84420 	0.012275373721 
84440 	0.012261231586 
84460 	0.012204663043 
84480 	0.012176378772 
84500 	0.012148094501 
84520 	0.012119810230 
84540 	0.012077383823 
84560 	0.011992531009 
84580 	0.012006673145 
84600 	0.011964246738 
84620 	0.011921820331 
84640 	0.011950104602 
84660 	0.011907678195 
84680 	0.011879393924 
84700 	0.011836967517 
84720 	0.011808683246 
84740 	0.011766256839 
84760 	0.011752114703 
84780 	0.011723830432 
84800 	0.011695546161 
84820 	0.011667261890 
84840 	0.011653119754 
84860 	0.011610693347 
84880 	0.011582409076 
84900 	0.011539982669 
84920 	0.011525840533 
84940 	0.011511698398 
84960 	0.011483414126 
84980 	0.011455129855 
85000 	0.011398561313 
85020 	0.011384419177 
85040 	0.011356134906 
85060 	0.011356134906 
85080 	0.011299566363 
85100 	0.011271282092 
85120 	0.011228855685 
85140 	0.011214713550 
85160 	0.011172287143 
85180 	0.011144002872 
85200 	0.011129860736 
85220 	0.011115718600 
85240 	0.011115718600 
85260 	0.011045007922 
85280 	0.011030865787 
85300 	0.010988439380 
85320 	0.010960155108 
85340 	0.010946012973 
85360 	0.010931870837 
85380 	0.010889444430 
85400 	0.010861160159 
85420 	0.010818733752 
85440 	0.010790449481 
85460 	0.010790449481 
85480 	0.010748023074 
85500 	0.010733880938 
85520 	0.010691454532 
85540 	0.010677312396 
85560 	0.010634885989 
85580 	0.010606601718 
85600 	0.010578317447 
85620 	0.010550033175 
85640 	0.010535891040 
85660 	0.010507606768 
85680 	0.010479322497 
85700 	0.010451038226 
85720 	0.010422753955 
85740 	0.010380327548 
85760 	0.010366185412 
85780 	0.010337901141 
85800 	0.010309616870 
85820 	0.010281332598 
85840 	0.010253048327 
85860 	0.010224764056 
85880 	0.010182337649 
85900 	0.010139911242 
85920 	0.010125769107 
85940 	0.010026774157 
85960 	0.009998489886 
85980 	0.009899494937 
86000 	0.009800499987 
86020 	0.009588367953 
86040 	0.009503515139 
86060 	0.009560083682 
86080 	0.009673220767 
86100 	0.009743931445 
86120 	0.009786357852 
86140 	0.009814642123 
86160 	0.009828784258 
86180 	0.009800499987 
86200 	0.009786357852 
86220 	0.009786357852 
86240 	0.009772215716 
86260 	0.009743931445 
86280 	0.009729789309 
86300 	0.009715647174 
86320 	0.009701505038 
86340 	0.009659078631 
86360 	0.009659078631 
86380 	0.009687362902 
86400 	0.009630794360 
86420 	0.009616652224 
86440 	0.009574225817 
86460 	0.009560083682 
86480 	0.009560083682 
86500 	0.009531799410 
86520 	0.009545941546 
86540 	0.009503515139 
86560 	0.009475230868 
86580 	0.009461088732 
86600 	0.009461088732 
86620 	0.009432804461 
86640 	0.009390378054 
86660 	0.009390378054 
86680 	0.009376235919 
86700 	0.009333809512 
86720 	0.009333809512 
86740 	0.009333809512 
86760 	0.009333809512 
86780 	0.009305525240 
86800 	0.009291383105 
86820 	0.009291383105 
86840 	0.009277240969 
86860 	0.009263098834 
86880 	0.009248956698 
86900 	0.009234814562 
86920 	0.009234814562 
86940 	0.009206530291 
86960 	0.009206530291 
86980 	0.009206530291 
87000 	0.009192388155 
87020 	0.009178246020 
87040 	0.009178246020 
87060 	0.009178246020 
87080 	0.009164103884 
87100 	0.009164103884 
87120 	0.009149961749 
87140 	0.009149961749 
87160 	0.009121677477 
87180 	0.009121677477 
87200 	0.009149961749 
87220 	0.009135819613 
87240 	0.009121677477 
87260 	0.009107535342 
87280 	0.009107535342 
87300 	0.009121677477 
87320 	0.009093393206 
87340 	0.009107535342 
87360 	0.009079251070 
87380 	0.009079251070 
87400 	0.009093393206 
87420 	0.009107535342 
87440 	0.009079251070 
87460 	0.009079251070 
87480 	0.009065108935 
87500 	0.009079251070 
87520 	0.009065108935 
87540 	0.009050966799 
87560 	0.009050966799 
87580 	0.009050966799 
87600 	0.009050966799 
87620 	0.009050966799 
87640 	0.009065108935 
87660 	0.009036824664 
87680 	0.008414570696 
87700 	0.009065108935 
87720 	0.009050966799 
87740 	0.009065108935 
87760 	0.009050966799 
87780 	0.009050966799 
87800 	0.009036824664 
87820 	0.009065108935 
87840 	0.009065108935 
87860 	0.009050966799 
87880 	0.009036824664 
87900 	0.009050966799 
87920 	0.009050966799 
87940 	0.009036824664 
87960 	0.009050966799 
87980 	0.009036824664 
88000 	0.009050966799 
88020 	0.009050966799 
88040 	0.009036824664 
88060 	0.009008540392 
88080 	0.008994398257 
88100 	0.008966113985 
88120 	0.008966113985 
88140 	0.008951971850 
88160 	0.008881261172 
88180 	0.008852976900 
88200 	0.008753981951 
88220 	0.008626702730 
88240 	0.008471139239 
88260 	0.008513565645 
88280 	0.008570134188 
88300 	0.008683271273 
88320 	0.008753981951 
88340 	0.008810550494 
88360 	0.008867119036 
88380 	0.008852976900 
88400 	0.008909545443 
88420 	0.008895403307 
88440 	0.008852976900 
88460 	0.008895403307 
88480 	0.008838834765 
88500 	0.008867119036 
88520 	0.008824692629 
88540 	0.008838834765 
88560 	0.008796408358 
88580 	0.008796408358 
88600 	0.008782266222 
88620 	0.008768124087 
88640 	0.008768124087 
88660 	0.008768124087 
88680 	0.008739839815 
88700 	0.008739839815 
88720 	0.008711555544 
88740 	0.008697413409 
88760 	0.008683271273 
88780 	0.008669129137 
88800 	0.008669129137 
88820 	0.008669129137 
88840 	0.008626702730 
88860 	0.008612560595 
88880 	0.008598418459 
88900 	0.008584276324 
88920 	0.008570134188 
88940 	0.008584276324 
88960 	0.008527707781 
88980 	0.008541849917 
89000 	0.008513565645 
89020 	0.008485281374 
89040 	0.008456997103 
89060 	0.008471139239 
89080 	0.008456997103 
89100 	0.008428712832 
89120 	0.008428712832 
89140 	0.008386286425 
89160 	0.008400428560 
89180 	0.008386286425 
89200 	0.008372144289 
89220 	0.008343860018 
89240 	0.008343860018 
89260 	0.008471139239 
89280 	0.008315575747 
89300 	0.008287291476 
89320 	0.008273149340 
89340 	0.008244865069 
89360 	0.008244865069 
89380 	0.008216580797 
89400 	0.008202438662 
89420 	0.008188296526 
89440 	0.008188296526 
89460 	0.008174154391 
89480 	0.008160012255 
89500 	0.008145870119 
89520 	0.008131727984 
89540 	0.008103443712 
89560 	0.008089301577 
89580 	0.008075159441 
89600 	0.008061017306 
89620 	0.008032733034 
89640 	0.008032733034 
89660 	0.008018590899 
89680 	0.008018590899 
89700 	0.007990306627 
89720 	0.007962022356 
89740 	0.007962022356 
89760 	0.007947880221 
89780 	0.007919595949 
89800 	0.007933738085 
89820 	0.007891311678 
89840 	0.007877169542 
89860 	0.007848885271 
89880 	0.007848885271 
89900 	0.007834743136 
89920 	0.007820601000 
89940 	0.007806458864 
89960 	0.007806458864 
89980 	0.007764032457 
90000 	0.007679179644 
