Diff. freq.	SPL
Hz	dB
500	4.148E+01
568.9045936	4.234E+01
637.8091873	4.493E+01
706.7137809	4.523E+01
775.6183746	4.697E+01
844.5229682	4.767E+01
913.4275618	4.840E+01
982.3321555	4.944E+01
1051.236749	4.984E+01
1120.141343	5.017E+01
1189.045936	5.046E+01
1257.95053	5.076E+01
1326.855124	5.083E+01
1395.759717	5.140E+01
1464.664311	5.175E+01
1533.568905	5.206E+01
1602.473498	5.223E+01
1671.378092	5.236E+01
1740.282686	5.346E+01
1809.187279	5.468E+01
1878.091873	5.543E+01
1946.996466	5.600E+01
2015.90106	5.633E+01
2084.805654	5.641E+01
2153.710247	5.669E+01
2222.614841	5.657E+01
2291.519435	5.754E+01
2360.424028	5.887E+01
2429.328622	5.993E+01
2498.233216	6.122E+01
2567.137809	6.279E+01
2636.042403	6.452E+01
2704.946996	6.516E+01
2773.85159	6.598E+01
2842.756184	6.643E+01
2911.660777	6.728E+01
2980.565371	6.653E+01
3049.469965	6.592E+01
3118.374558	6.516E+01
3187.279152	6.452E+01
3256.183746	6.473E+01
3325.088339	6.457E+01
3393.992933	6.456E+01
3462.897527	6.404E+01
3531.80212	6.417E+01
3600.706714	6.387E+01
3669.611307	6.348E+01
3738.515901	6.385E+01
3807.420495	6.377E+01
3876.325088	6.388E+01
3945.229682	6.379E+01
4014.134276	6.347E+01
4083.038869	6.318E+01
4151.943463	6.331E+01
4220.848057	6.351E+01
4289.75265	6.325E+01
4358.657244	6.403E+01
4427.561837	6.374E+01
4496.466431	6.332E+01
4565.371025	6.328E+01
4634.275618	6.303E+01
4703.180212	6.272E+01
4772.084806	6.246E+01
4840.989399	6.232E+01
4909.893993	6.220E+01
4978.798587	6.214E+01
5047.70318	6.200E+01
5116.607774	6.169E+01
5185.512367	6.155E+01
5254.416961	6.143E+01
5323.321555	6.123E+01
5392.226148	6.106E+01
5461.130742	6.093E+01
5530.035336	6.073E+01
5598.939929	6.056E+01
5667.844523	6.030E+01
5736.749117	5.965E+01
5805.65371	5.870E+01
5874.558304	5.808E+01
5943.462898	5.770E+01
6012.367491	5.710E+01
6081.272085	5.655E+01
6150.176678	5.607E+01
6219.081272	5.584E+01
6287.985866	5.577E+01
6356.890459	5.602E+01
6425.795053	5.518E+01
6494.699647	5.516E+01
6563.60424	5.611E+01
6632.508834	5.505E+01
6701.413428	5.504E+01
6770.318021	5.466E+01
6839.222615	5.456E+01
6908.127208	5.377E+01
6977.031802	5.304E+01
7045.936396	5.296E+01
7114.840989	5.196E+01
7183.745583	5.168E+01
7252.650177	5.146E+01
7321.55477	5.250E+01
7390.459364	5.212E+01
7459.363958	5.286E+01
7528.268551	5.358E+01
7597.173145	5.310E+01
7666.077739	5.377E+01
7734.982332	5.370E+01
7803.886926	5.343E+01
7872.791519	5.335E+01
7941.696113	5.296E+01
8010.600707	5.259E+01
8079.5053	5.247E+01
8148.409894	5.183E+01
8217.314488	5.167E+01
8286.219081	5.169E+01
8355.123675	5.207E+01
8424.028269	5.265E+01
8492.932862	5.233E+01
8561.837456	5.321E+01
8630.742049	5.286E+01
8699.646643	5.316E+01
8768.551237	5.339E+01
8837.45583	5.317E+01
8906.360424	5.351E+01
8975.265018	5.316E+01
9044.169611	5.370E+01
9113.074205	5.349E+01
9181.978799	5.405E+01
9250.883392	5.423E+01
9319.787986	5.409E+01
9388.69258	5.425E+01
9457.597173	5.381E+01
9526.501767	5.332E+01
9595.40636	5.308E+01
9664.310954	5.229E+01
9733.215548	5.224E+01
9802.120141	5.240E+01
9871.024735	5.232E+01
9939.929329	5.250E+01
10008.83392	5.264E+01
10077.73852	5.263E+01
10146.64311	5.260E+01
10215.5477	5.231E+01
10284.4523	5.227E+01
10353.35689	5.208E+01
10422.26148	5.175E+01
10491.16608	5.180E+01
10560.07067	5.115E+01
10628.97527	5.129E+01
10697.87986	5.141E+01
10766.78445	5.269E+01
10835.68905	5.411E+01
10904.59364	5.385E+01
10973.49823	5.337E+01
11042.40283	5.338E+01
11111.30742	5.312E+01
11180.21201	5.386E+01
11249.11661	5.314E+01
11318.0212	5.394E+01
11386.9258	5.394E+01
11455.83039	5.328E+01
11524.73498	5.286E+01
11593.63958	5.271E+01
11662.54417	5.229E+01
11731.44876	5.293E+01
11800.35336	5.316E+01
11869.25795	5.284E+01
11938.16254	5.319E+01
12007.06714	5.300E+01
12075.97173	5.352E+01
12144.87633	5.373E+01
12213.78092	5.374E+01
12282.68551	5.466E+01
12351.59011	5.457E+01
12420.4947	5.451E+01
12489.39929	5.440E+01
12558.30389	5.462E+01
12627.20848	5.384E+01
12696.11307	5.395E+01
12765.01767	5.379E+01
12833.92226	5.246E+01
12902.82686	5.256E+01
12971.73145	5.252E+01
13040.63604	5.187E+01
13109.54064	5.135E+01
13178.44523	5.219E+01
13247.34982	5.208E+01
13316.25442	5.188E+01
13385.15901	5.274E+01
13454.0636	5.271E+01
13522.9682	5.267E+01
13591.87279	5.300E+01
13660.77739	5.324E+01
13729.68198	5.245E+01
13798.58657	5.297E+01
13867.49117	5.254E+01
13936.39576	5.210E+01
14005.30035	5.234E+01
14074.20495	5.173E+01
14143.10954	5.144E+01
14212.01413	5.127E+01
14280.91873	5.148E+01
14349.82332	5.161E+01
14418.72792	5.179E+01
14487.63251	5.206E+01
14556.5371	5.245E+01
14625.4417	5.338E+01
14694.34629	5.329E+01
14763.25088	5.353E+01
14832.15548	5.294E+01
14901.06007	5.299E+01
14969.96466	5.348E+01
15038.86926	5.234E+01
15107.77385	5.227E+01
15176.67845	5.083E+01
15245.58304	4.962E+01
15314.48763	5.113E+01
15383.39223	4.926E+01
15452.29682	5.066E+01
15521.20141	5.150E+01
15590.10601	5.162E+01
15659.0106	5.260E+01
15727.91519	5.308E+01
15796.81979	5.279E+01
15865.72438	5.291E+01
15934.62898	5.285E+01
16003.53357	5.227E+01
16072.43816	5.208E+01
16141.34276	5.136E+01
16210.24735	5.116E+01
16279.15194	4.993E+01
16348.05654	5.006E+01
16416.96113	5.037E+01
16485.86572	5.047E+01
16554.77032	5.139E+01
16623.67491	5.180E+01
16692.57951	5.222E+01
16761.4841	5.280E+01
16830.38869	5.322E+01
16899.29329	5.323E+01
16968.19788	5.357E+01
17037.10247	5.325E+01
17106.00707	5.362E+01
17174.91166	5.360E+01
17243.81625	5.322E+01
17312.72085	5.409E+01
17381.62544	5.326E+01
17450.53004	5.290E+01
17519.43463	5.352E+01
17588.33922	5.296E+01
17657.24382	5.351E+01
17726.14841	5.337E+01
17795.053	5.344E+01
17863.9576	5.481E+01
17932.86219	5.448E+01
18001.76678	5.521E+01
18070.67138	5.543E+01
18139.57597	5.517E+01
18208.48057	5.443E+01
18277.38516	5.520E+01
18346.28975	5.504E+01
18415.19435	5.451E+01
18484.09894	5.409E+01
18553.00353	5.434E+01
18621.90813	5.392E+01
18690.81272	5.439E+01
18759.71731	5.349E+01
18828.62191	5.322E+01
18897.5265	5.301E+01
18966.4311	5.314E+01
19035.33569	5.301E+01
19104.24028	5.371E+01
19173.14488	5.319E+01
19242.04947	5.349E+01
19310.95406	5.391E+01
19379.85866	5.297E+01
19448.76325	5.355E+01
19517.66784	5.318E+01
19586.57244	5.267E+01
19655.47703	5.277E+01
19724.38163	5.254E+01
19793.28622	5.249E+01
19862.19081	5.167E+01
19931.09541	5.176E+01
20000	5.155E+01
