freq	Measured velocity
Hz	m/s
55000	3.300E-04
55020	3.320E-04
55040	3.360E-04
55060	3.400E-04
55080	3.440E-04
55100	3.460E-04
55120	3.520E-04
55140	3.600E-04
55160	3.640E-04
55180	3.700E-04
55200	3.780E-04
55220	3.820E-04
55240	3.880E-04
55260	3.960E-04
55280	4.020E-04
55300	4.120E-04
55320	4.180E-04
55340	4.220E-04
55360	4.280E-04
55380	4.380E-04
55400	4.460E-04
55420	4.560E-04
55440	4.580E-04
55460	4.720E-04
55480	4.880E-04
55500	5.040E-04
55520	5.180E-04
55540	5.360E-04
55560	5.460E-04
55580	5.680E-04
55600	5.840E-04
55620	6.020E-04
55640	6.140E-04
55660	6.280E-04
55680	6.420E-04
55700	6.520E-04
55720	6.600E-04
55740	6.720E-04
55760	6.900E-04
55780	7.040E-04
55800	7.280E-04
55820	7.500E-04
55840	7.760E-04
55860	8.000E-04
55880	8.240E-04
55900	8.400E-04
55920	8.600E-04
55940	8.760E-04
55960	9.000E-04
55980	9.260E-04
56000	9.480E-04
56020	9.780E-04
56040	1.010E-03
56060	1.040E-03
56080	1.072E-03
56100	1.108E-03
56120	1.138E-03
56140	1.194E-03
56160	1.242E-03
56180	1.294E-03
56200	1.354E-03
56220	1.420E-03
56240	1.504E-03
56260	1.582E-03
56280	1.664E-03
56300	1.746E-03
56320	1.832E-03
56340	1.920E-03
56360	1.996E-03
56380	2.080E-03
56400	2.120E-03
56420	2.180E-03
56440	2.220E-03
56460	2.220E-03
56480	2.200E-03
56500	2.160E-03
56520	2.120E-03
56540	2.060E-03
56560	1.968E-03
56580	1.898E-03
56600	1.822E-03
56620	1.746E-03
56640	1.672E-03
56660	1.594E-03
56680	1.528E-03
56700	1.454E-03
56720	1.386E-03
56740	1.326E-03
56760	1.282E-03
56780	1.230E-03
56800	1.192E-03
56820	1.146E-03
56840	1.112E-03
56860	1.072E-03
56880	1.042E-03
56900	1.010E-03
56920	9.800E-04
56940	9.600E-04
56960	9.320E-04
56980	9.060E-04
57000	8.800E-04
57020	8.580E-04
57040	8.360E-04
57060	8.120E-04
57080	7.940E-04
57100	7.740E-04
57120	7.540E-04
57140	7.420E-04
57160	7.240E-04
57180	7.120E-04
57200	6.920E-04
57220	6.800E-04
57240	6.660E-04
57260	6.560E-04
57280	6.460E-04
57300	6.300E-04
57320	6.220E-04
57340	6.100E-04
57360	6.020E-04
57380	5.940E-04
57400	5.820E-04
57420	5.760E-04
57440	5.660E-04
57460	5.640E-04
57480	5.540E-04
57500	5.440E-04
57520	5.380E-04
57540	5.320E-04
57560	5.220E-04
57580	5.100E-04
57600	5.000E-04
57620	4.900E-04
57640	4.820E-04
57660	4.760E-04
57680	4.660E-04
57700	4.620E-04
57720	4.560E-04
57740	4.500E-04
57760	4.440E-04
57780	4.400E-04
57800	4.360E-04
57820	4.320E-04
57840	4.280E-04
57860	4.220E-04
57880	4.180E-04
57900	4.120E-04
57920	4.100E-04
57940	4.040E-04
57960	4.020E-04
57980	3.960E-04
58000	3.940E-04
58020	3.900E-04
58040	3.860E-04
58060	3.800E-04
58080	3.760E-04
58100	3.740E-04
58120	3.720E-04
58140	3.660E-04
58160	3.640E-04
58180	3.600E-04
58200	3.580E-04
58220	3.560E-04
58240	3.520E-04
58260	3.480E-04
58280	3.480E-04
58300	3.420E-04
58320	3.420E-04
58340	3.380E-04
58360	3.340E-04
58380	3.320E-04
58400	3.300E-04
58420	3.240E-04
58440	3.220E-04
58460	3.200E-04
58480	3.180E-04
58500	3.140E-04
58520	3.120E-04
58540	3.120E-04
58560	3.080E-04
58580	3.060E-04
58600	3.040E-04
58620	3.020E-04
58640	3.000E-04
58660	2.960E-04
58680	2.940E-04
58700	2.920E-04
58720	2.900E-04
58740	2.860E-04
58760	2.860E-04
58780	2.820E-04
58800	2.820E-04
58820	2.800E-04
58840	2.780E-04
58860	2.760E-04
58880	2.760E-04
58900	2.740E-04
58920	2.740E-04
58940	2.720E-04
58960	2.700E-04
58980	2.680E-04
59000	2.660E-04
59020	2.640E-04
59040	2.620E-04
59060	2.620E-04
59080	2.580E-04
59100	2.560E-04
59120	2.540E-04
59140	2.520E-04
59160	2.520E-04
59180	2.500E-04
59200	2.480E-04
59220	2.460E-04
59240	2.440E-04
59260	2.440E-04
59280	2.420E-04
59300	2.400E-04
59320	2.400E-04
59340	2.380E-04
59360	2.380E-04
59380	2.360E-04
59400	2.340E-04
59420	2.320E-04
59440	2.320E-04
59460	2.300E-04
59480	2.300E-04
59500	2.280E-04
59520	2.260E-04
59540	2.260E-04
59560	2.240E-04
59580	2.220E-04
59600	2.200E-04
59620	2.180E-04
59640	2.140E-04
59660	2.140E-04
59680	2.120E-04
59700	2.100E-04
59720	2.080E-04
59740	2.060E-04
59760	2.040E-04
59780	2.020E-04
59800	2.020E-04
59820	2.000E-04
59840	1.976E-04
59860	1.958E-04
59880	1.946E-04
59900	1.934E-04
59920	1.914E-04
59940	1.902E-04
59960	1.886E-04
59980	1.874E-04
60000	1.858E-04
60020	1.852E-04
60040	1.828E-04
60060	1.818E-04
60080	1.808E-04
60100	1.784E-04
60120	1.780E-04
60140	1.762E-04
60160	1.758E-04
60180	1.736E-04
60200	1.732E-04
60220	1.720E-04
60240	1.710E-04
60260	1.702E-04
60280	1.694E-04
60300	1.684E-04
60320	1.670E-04
60340	1.660E-04
60360	1.664E-04
60380	1.656E-04
60400	1.660E-04
60420	1.650E-04
60440	1.646E-04
60460	1.646E-04
60480	1.648E-04
60500	1.658E-04
60520	1.656E-04
60540	1.666E-04
60560	1.666E-04
60580	1.660E-04
60600	1.688E-04
60620	1.700E-04
60640	1.710E-04
60660	1.720E-04
60680	1.744E-04
60700	1.762E-04
60720	1.774E-04
60740	1.806E-04
60760	1.838E-04
60780	1.864E-04
60800	1.900E-04
60820	1.940E-04
60840	1.988E-04
60860	2.020E-04
60880	2.080E-04
60900	2.120E-04
60920	2.160E-04
60940	2.220E-04
60960	2.260E-04
60980	2.260E-04
61000	2.280E-04
61020	2.280E-04
61040	2.260E-04
61060	2.240E-04
61080	2.200E-04
61100	2.120E-04
61120	2.060E-04
61140	1.968E-04
61160	1.862E-04
61180	1.754E-04
61200	1.636E-04
61220	1.530E-04
61240	1.418E-04
61260	1.320E-04
61280	1.228E-04
61300	1.144E-04
61320	1.066E-04
61340	9.880E-05
61360	9.120E-05
61380	8.500E-05
61400	7.860E-05
61420	7.220E-05
61440	6.740E-05
61460	6.260E-05
61480	5.880E-05
61500	5.580E-05
61520	5.380E-05
61540	5.280E-05
61560	5.240E-05
61580	5.280E-05
61600	5.360E-05
61620	5.500E-05
61640	5.660E-05
61660	5.860E-05
61680	6.060E-05
61700	6.300E-05
61720	6.520E-05
61740	6.780E-05
61760	7.060E-05
61780	7.300E-05
61800	7.560E-05
61820	7.860E-05
61840	8.140E-05
61860	8.400E-05
61880	8.640E-05
61900	8.900E-05
61920	9.200E-05
61940	9.420E-05
61960	9.680E-05
61980	9.880E-05
62000	1.010E-04
62020	1.034E-04
62040	1.052E-04
62060	1.070E-04
62080	1.098E-04
62100	1.112E-04
62120	1.142E-04
62140	1.166E-04
62160	1.190E-04
62180	1.210E-04
62200	1.228E-04
62220	1.254E-04
62240	1.284E-04
62260	1.306E-04
62280	1.342E-04
62300	1.366E-04
62320	1.380E-04
62340	1.406E-04
62360	1.428E-04
62380	1.462E-04
62400	1.484E-04
62420	1.504E-04
62440	1.526E-04
62460	1.546E-04
62480	1.574E-04
62500	1.602E-04
62520	1.624E-04
62540	1.650E-04
62560	1.672E-04
62580	1.694E-04
62600	1.724E-04
62620	1.750E-04
62640	1.784E-04
62660	1.806E-04
62680	1.840E-04
62700	1.872E-04
62720	1.908E-04
62740	1.938E-04
62760	1.966E-04
62780	1.988E-04
62800	2.000E-04
62820	2.040E-04
62840	2.060E-04
62860	2.080E-04
62880	2.100E-04
62900	2.120E-04
62920	2.140E-04
62940	2.160E-04
62960	2.180E-04
62980	2.200E-04
63000	2.200E-04
63020	2.240E-04
63040	2.240E-04
63060	2.260E-04
63080	2.300E-04
63100	2.300E-04
63120	2.300E-04
63140	2.300E-04
63160	2.320E-04
63180	2.300E-04
63200	2.280E-04
63220	2.260E-04
63240	2.240E-04
63260	2.180E-04
63280	2.140E-04
63300	2.100E-04
63320	2.080E-04
63340	2.060E-04
63360	2.080E-04
63380	2.080E-04
63400	2.100E-04
63420	2.140E-04
63440	2.160E-04
63460	2.200E-04
63480	2.240E-04
63500	2.300E-04
63520	2.360E-04
63540	2.460E-04
63560	2.540E-04
63580	2.620E-04
63600	2.720E-04
63620	2.820E-04
63640	2.920E-04
63660	3.020E-04
63680	3.100E-04
63700	3.180E-04
63720	3.280E-04
63740	3.340E-04
63760	3.440E-04
63780	3.480E-04
63800	3.580E-04
63820	3.660E-04
63840	3.700E-04
63860	3.780E-04
63880	3.840E-04
63900	3.920E-04
63920	3.960E-04
63940	4.020E-04
63960	4.060E-04
63980	4.100E-04
64000	4.160E-04
64020	4.220E-04
64040	4.240E-04
64060	4.280E-04
64080	4.300E-04
64100	4.340E-04
64120	4.360E-04
64140	4.380E-04
64160	4.400E-04
64180	4.420E-04
64200	4.460E-04
64220	4.500E-04
64240	4.520E-04
64260	4.560E-04
64280	4.600E-04
64300	4.640E-04
64320	4.700E-04
64340	4.740E-04
64360	4.760E-04
64380	4.800E-04
64400	4.840E-04
64420	4.920E-04
64440	4.940E-04
64460	5.000E-04
64480	5.060E-04
64500	5.120E-04
64520	5.160E-04
64540	5.220E-04
64560	5.320E-04
64580	5.360E-04
64600	5.440E-04
64620	5.480E-04
64640	5.560E-04
64660	5.600E-04
64680	5.680E-04
64700	5.760E-04
64720	5.840E-04
64740	5.900E-04
64760	5.940E-04
64780	6.000E-04
64800	6.040E-04
64820	6.120E-04
64840	6.200E-04
64860	6.260E-04
64880	6.360E-04
64900	6.400E-04
64920	6.420E-04
64940	6.500E-04
64960	6.600E-04
64980	6.640E-04
65000	6.720E-04
65020	6.800E-04
65040	6.880E-04
65060	6.920E-04
65080	7.000E-04
65100	7.080E-04
65120	7.140E-04
65140	7.200E-04
65160	7.280E-04
65180	7.360E-04
65200	7.400E-04
65220	7.460E-04
65240	7.520E-04
65260	7.600E-04
65280	7.680E-04
65300	7.740E-04
65320	7.780E-04
65340	7.860E-04
65360	7.940E-04
65380	8.000E-04
65400	8.080E-04
65420	8.120E-04
65440	8.280E-04
65460	8.320E-04
65480	8.380E-04
65500	8.500E-04
65520	8.560E-04
65540	8.660E-04
65560	8.740E-04
65580	8.780E-04
65600	8.880E-04
65620	8.940E-04
65640	9.020E-04
65660	9.060E-04
65680	9.120E-04
65700	9.220E-04
65720	9.300E-04
65740	9.400E-04
65760	9.460E-04
65780	9.560E-04
65800	9.620E-04
65820	9.760E-04
65840	9.820E-04
65860	9.920E-04
65880	1.002E-03
65900	1.010E-03
65920	1.020E-03
65940	1.026E-03
65960	1.040E-03
65980	1.052E-03
66000	1.062E-03
66020	1.072E-03
66040	1.086E-03
66060	1.088E-03
66080	1.102E-03
66100	1.112E-03
66120	1.122E-03
66140	1.142E-03
66160	1.152E-03
66180	1.164E-03
66200	1.180E-03
66220	1.196E-03
66240	1.204E-03
66260	1.228E-03
66280	1.238E-03
66300	1.244E-03
66320	1.262E-03
66340	1.262E-03
66360	1.268E-03
66380	1.274E-03
66400	1.264E-03
66420	1.252E-03
66440	1.248E-03
66460	1.236E-03
66480	1.234E-03
66500	1.234E-03
66520	1.232E-03
66540	1.240E-03
66560	1.246E-03
66580	1.256E-03
66600	1.264E-03
66620	1.266E-03
66640	1.274E-03
66660	1.288E-03
66680	1.296E-03
66700	1.318E-03
66720	1.324E-03
66740	1.342E-03
66760	1.354E-03
66780	1.368E-03
66800	1.382E-03
66820	1.394E-03
66840	1.412E-03
66860	1.428E-03
66880	1.446E-03
66900	1.464E-03
66920	1.480E-03
66940	1.510E-03
66960	1.530E-03
66980	1.552E-03
67000	1.580E-03
67020	1.610E-03
67040	1.646E-03
67060	1.688E-03
67080	1.718E-03
67100	1.758E-03
67120	1.798E-03
67140	1.826E-03
67160	1.838E-03
67180	1.842E-03
67200	1.800E-03
67220	1.746E-03
67240	1.714E-03
67260	1.684E-03
67280	1.688E-03
67300	1.698E-03
67320	1.716E-03
67340	1.752E-03
67360	1.782E-03
67380	1.804E-03
67400	1.826E-03
67420	1.832E-03
67440	1.850E-03
67460	1.856E-03
67480	1.864E-03
67500	1.878E-03
67520	1.894E-03
67540	1.908E-03
67560	1.934E-03
67580	1.946E-03
67600	1.970E-03
67620	1.988E-03
67640	2.020E-03
67660	2.040E-03
67680	2.060E-03
67700	2.080E-03
67720	2.120E-03
67740	2.160E-03
67760	2.180E-03
67780	2.220E-03
67800	2.240E-03
67820	2.280E-03
67840	2.320E-03
67860	2.360E-03
67880	2.400E-03
67900	2.440E-03
67920	2.500E-03
67940	2.540E-03
67960	2.620E-03
67980	2.660E-03
68000	2.720E-03
68020	2.760E-03
68040	2.760E-03
68060	2.760E-03
68080	2.760E-03
68100	2.760E-03
68120	2.760E-03
68140	2.780E-03
68160	2.780E-03
68180	2.780E-03
68200	2.760E-03
68220	2.760E-03
68240	2.720E-03
68260	2.700E-03
68280	2.680E-03
68300	2.640E-03
68320	2.600E-03
68340	2.540E-03
68360	2.500E-03
68380	2.440E-03
68400	2.400E-03
68420	2.360E-03
68440	2.300E-03
68460	2.280E-03
68480	2.260E-03
68500	2.220E-03
68520	2.200E-03
68540	2.160E-03
68560	2.160E-03
68580	2.140E-03
68600	2.120E-03
68620	2.100E-03
68640	2.100E-03
68660	2.100E-03
68680	2.080E-03
68700	2.100E-03
68720	2.080E-03
68740	2.080E-03
68760	2.100E-03
68780	2.100E-03
68800	2.120E-03
68820	2.140E-03
68840	2.140E-03
68860	2.140E-03
68880	2.160E-03
68900	2.180E-03
68920	2.220E-03
68940	2.240E-03
68960	2.260E-03
68980	2.280E-03
69000	2.300E-03
69020	2.320E-03
69040	2.360E-03
69060	2.380E-03
69080	2.400E-03
69100	2.420E-03
69120	2.440E-03
69140	2.480E-03
69160	2.500E-03
69180	2.540E-03
69200	2.560E-03
69220	2.600E-03
69240	2.640E-03
69260	2.660E-03
69280	2.680E-03
69300	2.720E-03
69320	2.760E-03
69340	2.820E-03
69360	2.840E-03
69380	2.880E-03
69400	2.920E-03
69420	2.960E-03
69440	3.000E-03
69460	3.020E-03
69480	3.060E-03
69500	3.100E-03
69520	3.140E-03
69540	3.200E-03
69560	3.240E-03
69580	3.280E-03
69600	3.320E-03
69620	3.360E-03
69640	3.420E-03
69660	3.460E-03
69680	3.520E-03
69700	3.560E-03
69720	3.620E-03
69740	3.660E-03
69760	3.720E-03
69780	3.760E-03
69800	3.800E-03
69820	3.840E-03
69840	3.900E-03
69860	3.960E-03
69880	4.000E-03
69900	4.040E-03
69920	4.080E-03
69940	4.140E-03
69960	4.180E-03
69980	4.240E-03
70000	4.280E-03
70020	4.340E-03
70040	4.380E-03
70060	4.440E-03
70080	4.500E-03
70100	4.540E-03
70120	4.600E-03
70140	4.660E-03
70160	4.700E-03
70180	4.760E-03
70200	4.800E-03
70220	4.880E-03
70240	4.920E-03
70260	5.000E-03
70280	5.040E-03
70300	5.100E-03
70320	5.160E-03
70340	5.220E-03
70360	5.260E-03
70380	5.340E-03
70400	5.420E-03
70420	5.480E-03
70440	5.540E-03
70460	5.620E-03
70480	5.680E-03
70500	5.760E-03
70520	5.820E-03
70540	5.900E-03
70560	5.980E-03
70580	6.060E-03
70600	6.160E-03
70620	6.240E-03
70640	6.340E-03
70660	6.400E-03
70680	6.480E-03
70700	6.560E-03
70720	6.640E-03
70740	6.720E-03
70760	6.800E-03
70780	6.880E-03
70800	6.940E-03
70820	7.040E-03
70840	7.120E-03
70860	7.200E-03
70880	7.320E-03
70900	7.400E-03
70920	7.520E-03
70940	7.620E-03
70960	7.720E-03
70980	7.820E-03
71000	7.920E-03
71020	8.040E-03
71040	8.160E-03
71060	8.260E-03
71080	8.320E-03
71100	8.480E-03
71120	8.560E-03
71140	8.660E-03
71160	8.760E-03
71180	8.880E-03
71200	8.980E-03
71220	9.100E-03
71240	9.240E-03
71260	9.380E-03
71280	9.540E-03
71300	9.700E-03
71320	9.860E-03
71340	1.002E-02
71360	1.020E-02
71380	1.038E-02
71400	1.058E-02
71420	1.074E-02
71440	1.096E-02
71460	1.112E-02
71480	1.130E-02
71500	1.154E-02
71520	1.172E-02
71540	1.194E-02
71560	1.218E-02
71580	1.238E-02
71600	1.258E-02
71620	1.282E-02
71640	1.310E-02
71660	1.336E-02
71680	1.362E-02
71700	1.390E-02
71720	1.418E-02
71740	1.450E-02
71760	1.478E-02
71780	1.510E-02
71800	1.542E-02
71820	1.574E-02
71840	1.610E-02
71860	1.644E-02
71880	1.684E-02
71900	1.722E-02
71920	1.756E-02
71940	1.794E-02
71960	1.842E-02
71980	1.888E-02
72000	1.930E-02
72020	1.976E-02
72040	2.020E-02
72060	2.080E-02
72080	2.140E-02
72100	2.180E-02
72120	2.240E-02
72140	2.300E-02
72160	2.380E-02
72180	2.440E-02
72200	2.520E-02
72220	2.580E-02
72240	2.680E-02
72260	2.760E-02
72280	2.840E-02
72300	2.940E-02
72320	3.040E-02
72340	3.160E-02
72360	3.260E-02
72380	3.380E-02
72400	3.500E-02
72420	3.640E-02
72440	3.800E-02
72460	3.940E-02
72480	4.120E-02
72500	4.320E-02
72520	4.520E-02
72540	4.760E-02
72560	5.020E-02
72580	5.200E-02
72600	5.400E-02
72620	5.740E-02
72640	6.100E-02
72660	6.520E-02
72680	6.960E-02
72700	7.380E-02
72720	7.760E-02
72740	8.020E-02
72760	8.200E-02
72780	8.500E-02
72800	8.720E-02
72820	8.860E-02
72840	8.900E-02
72860	8.900E-02
72880	8.880E-02
72900	8.800E-02
72920	8.700E-02
72940	8.620E-02
72960	8.500E-02
72980	8.380E-02
73000	8.240E-02
73020	8.100E-02
73040	7.960E-02
73060	7.800E-02
73080	7.660E-02
73100	7.500E-02
73120	7.340E-02
73140	7.200E-02
73160	7.060E-02
73180	6.900E-02
73200	6.760E-02
73220	6.600E-02
73240	6.460E-02
73260	6.320E-02
73280	6.180E-02
73300	6.040E-02
73320	5.920E-02
73340	5.800E-02
73360	5.660E-02
73380	5.560E-02
73400	5.440E-02
73420	5.320E-02
73440	5.220E-02
73460	5.120E-02
73480	5.020E-02
73500	4.920E-02
73520	4.840E-02
73540	4.740E-02
73560	4.660E-02
73580	4.580E-02
73600	4.500E-02
73620	4.440E-02
73640	4.380E-02
73660	4.300E-02
73680	4.240E-02
73700	4.180E-02
73720	4.120E-02
73740	4.060E-02
73760	4.000E-02
73780	3.960E-02
73800	3.900E-02
73820	3.840E-02
73840	3.780E-02
73860	3.740E-02
73880	3.680E-02
73900	3.640E-02
73920	3.600E-02
73940	3.540E-02
73960	3.500E-02
73980	3.480E-02
74000	3.440E-02
74020	3.400E-02
74040	3.360E-02
74060	3.340E-02
74080	3.320E-02
74100	3.280E-02
74120	3.260E-02
74140	3.240E-02
74160	3.220E-02
74180	3.180E-02
74200	3.160E-02
74220	3.140E-02
74240	3.120E-02
74260	3.100E-02
74280	3.080E-02
74300	3.060E-02
74320	3.040E-02
74340	3.040E-02
74360	3.020E-02
74380	3.000E-02
74400	3.000E-02
74420	2.980E-02
74440	2.980E-02
74460	2.980E-02
74480	2.980E-02
74500	2.960E-02
74520	2.960E-02
74540	2.960E-02
74560	2.960E-02
74580	2.940E-02
74600	2.940E-02
74620	2.940E-02
74640	2.940E-02
74660	2.940E-02
74680	2.940E-02
74700	2.940E-02
74720	2.940E-02
74740	2.940E-02
74760	2.940E-02
74780	2.960E-02
74800	2.960E-02
74820	2.980E-02
74840	3.000E-02
74860	3.000E-02
74880	3.020E-02
74900	3.040E-02
74920	3.060E-02
74940	3.100E-02
74960	3.120E-02
74980	3.140E-02
75000	3.160E-02
75020	3.200E-02
75040	3.220E-02
75060	3.240E-02
75080	3.260E-02
75100	3.300E-02
75120	3.320E-02
75140	3.360E-02
75160	3.380E-02
75180	3.420E-02
75200	3.460E-02
75220	3.500E-02
75240	3.540E-02
75260	3.580E-02
75280	3.640E-02
75300	3.680E-02
75320	3.740E-02
75340	3.780E-02
75360	3.820E-02
75380	3.880E-02
75400	3.920E-02
75420	3.980E-02
75440	4.020E-02
75460	4.080E-02
75480	4.120E-02
75500	4.180E-02
75520	4.240E-02
75540	4.300E-02
75560	4.380E-02
75580	4.460E-02
75600	4.520E-02
75620	4.540E-02
75640	4.540E-02
75660	4.540E-02
75680	4.560E-02
75700	4.600E-02
75720	4.640E-02
75740	4.700E-02
75760	4.740E-02
75780	4.760E-02
75800	4.780E-02
75820	4.780E-02
75840	4.760E-02
75860	4.720E-02
75880	4.660E-02
75900	4.580E-02
75920	4.500E-02
75940	4.400E-02
75960	4.280E-02
75980	4.140E-02
76000	4.000E-02
76020	3.860E-02
76040	3.700E-02
76060	3.560E-02
76080	3.380E-02
76100	3.220E-02
76120	3.080E-02
76140	2.960E-02
76160	2.840E-02
76180	2.760E-02
76200	2.700E-02
76220	2.660E-02
76240	2.620E-02
76260	2.640E-02
76280	2.640E-02
76300	2.600E-02
76320	2.560E-02
76340	2.520E-02
76360	2.460E-02
76380	2.400E-02
76400	2.340E-02
76420	2.280E-02
76440	2.220E-02
76460	2.160E-02
76480	2.100E-02
76500	2.020E-02
76520	1.964E-02
76540	1.902E-02
76560	1.840E-02
76580	1.780E-02
76600	1.720E-02
76620	1.660E-02
76640	1.602E-02
76660	1.546E-02
76680	1.492E-02
76700	1.440E-02
76720	1.390E-02
76740	1.340E-02
76760	1.294E-02
76780	1.248E-02
76800	1.204E-02
76820	1.160E-02
76840	1.120E-02
76860	1.080E-02
76880	1.040E-02
76900	1.000E-02
76920	9.620E-03
76940	9.200E-03
76960	8.880E-03
76980	8.620E-03
77000	8.400E-03
77020	8.200E-03
77040	7.980E-03
77060	7.760E-03
77080	7.540E-03
77100	7.340E-03
77120	7.140E-03
77140	6.980E-03
77160	6.800E-03
77180	6.620E-03
77200	6.480E-03
77220	6.340E-03
77240	6.200E-03
77260	6.080E-03
77280	5.960E-03
77300	5.860E-03
77320	5.760E-03
77340	5.680E-03
77360	5.600E-03
77380	5.540E-03
77400	5.500E-03
77420	5.440E-03
77440	5.380E-03
77460	5.320E-03
77480	5.260E-03
77500	5.200E-03
77520	5.160E-03
77540	5.140E-03
77560	5.140E-03
77580	5.160E-03
77600	5.200E-03
77620	5.280E-03
77640	5.340E-03
77660	5.340E-03
77680	5.340E-03
77700	5.320E-03
77720	5.320E-03
77740	5.320E-03
77760	5.360E-03
77780	5.400E-03
77800	5.420E-03
77820	5.480E-03
77840	5.520E-03
77860	5.580E-03
77880	5.640E-03
77900	5.680E-03
77920	5.760E-03
77940	5.820E-03
77960	5.880E-03
77980	5.940E-03
78000	6.000E-03
78020	6.060E-03
78040	6.100E-03
78060	6.160E-03
78080	6.220E-03
78100	6.260E-03
78120	6.320E-03
78140	6.400E-03
78160	6.500E-03
78180	6.620E-03
78200	6.780E-03
78220	6.940E-03
78240	7.100E-03
78260	7.280E-03
78280	7.440E-03
78300	7.620E-03
78320	7.800E-03
78340	7.940E-03
78360	8.020E-03
78380	8.100E-03
78400	8.200E-03
78420	8.320E-03
78440	8.440E-03
78460	8.540E-03
78480	8.660E-03
78500	8.760E-03
78520	8.860E-03
78540	8.980E-03
78560	9.120E-03
78580	9.300E-03
78600	9.520E-03
78620	9.760E-03
78640	1.000E-02
78660	1.024E-02
78680	1.044E-02
78700	1.062E-02
78720	1.078E-02
78740	1.092E-02
78760	1.104E-02
78780	1.114E-02
78800	1.122E-02
78820	1.128E-02
78840	1.132E-02
78860	1.134E-02
78880	1.134E-02
78900	1.134E-02
78920	1.134E-02
78940	1.132E-02
78960	1.130E-02
78980	1.128E-02
79000	1.124E-02
79020	1.116E-02
79040	1.106E-02
79060	1.096E-02
79080	1.086E-02
79100	1.074E-02
79120	1.060E-02
79140	1.046E-02
79160	1.032E-02
79180	1.016E-02
79200	1.004E-02
79220	9.940E-03
79240	9.820E-03
79260	9.660E-03
79280	9.500E-03
79300	9.320E-03
79320	9.160E-03
79340	9.020E-03
79360	8.860E-03
79380	8.700E-03
79400	8.540E-03
79420	8.380E-03
79440	8.240E-03
79460	8.100E-03
79480	7.960E-03
79500	7.840E-03
79520	7.700E-03
79540	7.580E-03
79560	7.460E-03
79580	7.340E-03
79600	7.220E-03
79620	7.120E-03
79640	7.020E-03
79660	6.900E-03
79680	6.800E-03
79700	6.700E-03
79720	6.600E-03
79740	6.500E-03
79760	6.420E-03
79780	6.320E-03
79800	6.220E-03
79820	6.140E-03
79840	6.040E-03
79860	5.960E-03
79880	5.860E-03
79900	5.780E-03
79920	5.680E-03
79940	5.600E-03
79960	5.500E-03
79980	5.400E-03
80000	5.300E-03
80020	5.200E-03
80040	5.100E-03
80060	5.020E-03
80080	4.920E-03
80100	4.840E-03
80120	4.820E-03
80140	4.800E-03
80160	4.800E-03
80180	4.820E-03
80200	4.800E-03
80220	4.760E-03
80240	4.720E-03
80260	4.660E-03
80280	4.600E-03
80300	4.540E-03
80320	4.480E-03
80340	4.400E-03
80360	4.320E-03
80380	4.220E-03
80400	4.140E-03
80420	4.040E-03
80440	3.940E-03
80460	3.860E-03
80480	3.740E-03
80500	3.640E-03
80520	3.540E-03
80540	3.720E-03
80560	5.020E-03
80580	5.640E-03
80600	5.840E-03
80620	5.940E-03
80640	5.960E-03
80660	5.920E-03
80680	5.860E-03
80700	5.780E-03
80720	5.680E-03
80740	5.600E-03
80760	5.500E-03
80780	5.400E-03
80800	5.280E-03
80820	5.180E-03
80840	5.100E-03
80860	5.020E-03
80880	4.920E-03
80900	4.840E-03
80920	4.740E-03
80940	4.640E-03
80960	4.540E-03
80980	4.480E-03
81000	4.400E-03
81020	4.300E-03
81040	4.200E-03
81060	4.140E-03
81080	4.040E-03
81100	3.960E-03
81120	3.860E-03
81140	3.780E-03
81160	3.680E-03
81180	3.600E-03
81200	3.520E-03
81220	3.440E-03
81240	3.360E-03
81260	3.280E-03
81280	3.200E-03
81300	3.140E-03
81320	3.060E-03
81340	2.980E-03
81360	2.900E-03
81380	2.860E-03
81400	2.780E-03
81420	2.720E-03
81440	2.660E-03
81460	2.620E-03
81480	2.560E-03
81500	2.500E-03
81520	2.440E-03
81540	2.380E-03
81560	2.320E-03
81580	2.280E-03
81600	2.220E-03
81620	2.160E-03
81640	2.100E-03
81660	2.060E-03
81680	2.040E-03
81700	1.972E-03
81720	1.932E-03
81740	1.900E-03
81760	1.850E-03
81780	1.800E-03
81800	1.764E-03
81820	1.716E-03
81840	1.680E-03
81860	1.640E-03
81880	1.598E-03
81900	1.550E-03
81920	1.512E-03
81940	1.476E-03
81960	1.440E-03
81980	1.414E-03
82000	1.388E-03
82020	1.354E-03
82040	1.332E-03
82060	1.316E-03
82080	1.294E-03
82100	1.280E-03
82120	1.276E-03
82140	1.274E-03
82160	1.276E-03
82180	1.294E-03
82200	1.308E-03
82220	1.324E-03
82240	1.340E-03
82260	1.336E-03
82280	1.352E-03
82300	1.356E-03
82320	1.364E-03
82340	1.372E-03
82360	1.376E-03
82380	1.378E-03
82400	1.394E-03
82420	1.402E-03
82440	1.414E-03
82460	1.432E-03
82480	1.446E-03
82500	1.450E-03
82520	1.476E-03
82540	1.484E-03
82560	1.494E-03
82580	1.516E-03
82600	1.544E-03
82620	1.554E-03
82640	1.578E-03
82660	1.600E-03
82680	1.636E-03
82700	1.676E-03
82720	1.726E-03
82740	1.788E-03
82760	1.860E-03
82780	1.950E-03
82800	2.060E-03
82820	2.160E-03
82840	2.280E-03
82860	2.360E-03
82880	2.460E-03
82900	2.540E-03
82920	2.600E-03
82940	2.660E-03
82960	2.720E-03
82980	2.780E-03
83000	2.820E-03
83020	2.840E-03
83040	2.880E-03
83060	2.920E-03
83080	2.980E-03
83100	3.020E-03
83120	3.060E-03
83140	3.100E-03
83160	3.140E-03
83180	3.200E-03
83200	3.220E-03
83220	3.280E-03
83240	3.300E-03
83260	3.360E-03
83280	3.400E-03
83300	3.440E-03
83320	3.500E-03
83340	3.540E-03
83360	3.580E-03
83380	3.640E-03
83400	3.680E-03
83420	3.740E-03
83440	3.780E-03
83460	3.820E-03
83480	3.880E-03
83500	3.920E-03
83520	3.980E-03
83540	4.020E-03
83560	4.080E-03
83580	4.140E-03
83600	4.200E-03
83620	4.240E-03
83640	4.280E-03
83660	4.340E-03
83680	4.400E-03
83700	4.440E-03
83720	4.500E-03
83740	4.540E-03
83760	4.600E-03
83780	4.640E-03
83800	4.720E-03
83820	4.780E-03
83840	4.860E-03
83860	4.940E-03
83880	5.020E-03
83900	5.100E-03
83920	5.180E-03
83940	5.260E-03
83960	5.320E-03
83980	5.400E-03
84000	5.460E-03
84020	5.540E-03
84040	5.600E-03
84060	5.680E-03
84080	5.720E-03
84100	5.800E-03
84120	5.860E-03
84140	5.920E-03
84160	5.980E-03
84180	6.040E-03
84200	6.080E-03
84220	6.120E-03
84240	6.180E-03
84260	6.220E-03
84280	6.260E-03
84300	6.280E-03
84320	6.320E-03
84340	6.360E-03
84360	6.380E-03
84380	6.400E-03
84400	6.420E-03
84420	6.440E-03
84440	6.440E-03
84460	6.440E-03
84480	6.440E-03
84500	6.420E-03
84520	6.420E-03
84540	6.400E-03
84560	6.360E-03
84580	6.340E-03
84600	6.300E-03
84620	6.260E-03
84640	6.220E-03
84660	6.160E-03
84680	6.120E-03
84700	6.060E-03
84720	6.020E-03
84740	5.960E-03
84760	5.900E-03
84780	5.860E-03
84800	5.800E-03
84820	5.740E-03
84840	5.660E-03
84860	5.600E-03
84880	5.560E-03
84900	5.520E-03
84920	5.460E-03
84940	5.420E-03
84960	5.360E-03
84980	5.280E-03
85000	5.220E-03
85020	5.140E-03
85040	5.060E-03
85060	4.980E-03
85080	4.900E-03
85100	4.820E-03
85120	4.740E-03
85140	4.660E-03
85160	4.580E-03
85180	4.540E-03
85200	4.480E-03
85220	4.460E-03
85240	4.460E-03
85260	4.500E-03
85280	4.580E-03
85300	4.660E-03
85320	4.740E-03
85340	4.820E-03
85360	4.880E-03
85380	4.920E-03
85400	4.960E-03
85420	4.960E-03
85440	4.960E-03
85460	4.940E-03
85480	4.940E-03
85500	4.920E-03
85520	4.880E-03
85540	4.860E-03
85560	4.800E-03
85580	4.780E-03
85600	4.720E-03
85620	4.680E-03
85640	4.640E-03
85660	4.580E-03
85680	4.560E-03
85700	4.560E-03
85720	4.520E-03
85740	4.480E-03
85760	4.400E-03
85780	4.360E-03
85800	4.300E-03
85820	4.260E-03
85840	4.200E-03
85860	4.160E-03
85880	4.100E-03
85900	4.060E-03
85920	4.020E-03
85940	4.000E-03
85960	3.980E-03
85980	3.960E-03
86000	3.920E-03
86020	3.900E-03
86040	3.880E-03
86060	3.840E-03
86080	3.840E-03
86100	3.820E-03
86120	3.800E-03
86140	3.780E-03
86160	3.740E-03
86180	3.700E-03
86200	3.680E-03
86220	3.660E-03
86240	3.620E-03
86260	3.580E-03
86280	3.560E-03
86300	3.500E-03
86320	3.480E-03
86340	3.440E-03
86360	3.380E-03
86380	3.360E-03
86400	3.320E-03
86420	3.280E-03
86440	3.240E-03
86460	3.200E-03
86480	3.160E-03
86500	3.100E-03
86520	3.080E-03
86540	3.040E-03
86560	3.000E-03
86580	2.980E-03
86600	2.940E-03
86620	2.920E-03
86640	2.860E-03
86660	2.840E-03
86680	2.800E-03
86700	2.760E-03
86720	2.720E-03
86740	2.680E-03
86760	2.640E-03
86780	2.600E-03
86800	2.560E-03
86820	2.520E-03
86840	2.520E-03
86860	2.560E-03
86880	2.620E-03
86900	2.700E-03
86920	2.740E-03
86940	2.760E-03
86960	2.760E-03
86980	2.760E-03
87000	2.760E-03
87020	2.740E-03
87040	2.720E-03
87060	2.700E-03
87080	2.660E-03
87100	2.660E-03
87120	2.620E-03
87140	2.600E-03
87160	2.580E-03
87180	2.540E-03
87200	2.500E-03
87220	2.460E-03
87240	2.440E-03
87260	2.400E-03
87280	2.400E-03
87300	2.360E-03
87320	2.340E-03
87340	2.320E-03
87360	2.300E-03
87380	2.260E-03
87400	2.260E-03
87420	2.240E-03
87440	2.220E-03
87460	2.200E-03
87480	2.200E-03
87500	2.160E-03
87520	2.140E-03
87540	2.140E-03
87560	2.120E-03
87580	2.120E-03
87600	2.080E-03
87620	2.060E-03
87640	2.080E-03
87660	2.060E-03
87680	2.040E-03
87700	2.040E-03
87720	2.020E-03
87740	2.000E-03
87760	2.000E-03
87780	1.998E-03
87800	2.000E-03
87820	2.000E-03
87840	1.990E-03
87860	1.996E-03
87880	1.988E-03
87900	1.988E-03
87920	1.974E-03
87940	1.980E-03
87960	1.988E-03
87980	1.972E-03
88000	1.962E-03
88020	1.964E-03
88040	1.982E-03
88060	1.978E-03
88080	1.960E-03
88100	1.980E-03
88120	1.980E-03
88140	1.964E-03
88160	1.980E-03
88180	1.980E-03
88200	1.992E-03
88220	1.978E-03
88240	1.986E-03
88260	1.990E-03
88280	1.998E-03
88300	1.994E-03
88320	2.020E-03
88340	2.020E-03
88360	2.000E-03
88380	2.020E-03
88400	2.040E-03
88420	2.020E-03
88440	2.020E-03
88460	2.020E-03
88480	2.020E-03
88500	2.020E-03
88520	2.020E-03
88540	2.040E-03
88560	2.020E-03
88580	2.020E-03
88600	2.040E-03
88620	2.040E-03
88640	2.040E-03
88660	2.060E-03
88680	2.040E-03
88700	2.060E-03
88720	2.060E-03
88740	2.060E-03
88760	2.060E-03
88780	2.060E-03
88800	2.080E-03
88820	2.080E-03
88840	2.080E-03
88860	2.060E-03
88880	2.080E-03
88900	2.080E-03
88920	2.080E-03
88940	2.080E-03
88960	2.080E-03
88980	2.100E-03
89000	2.100E-03
89020	2.100E-03
89040	2.120E-03
89060	2.100E-03
89080	2.120E-03
89100	2.120E-03
89120	2.120E-03
89140	2.120E-03
89160	2.120E-03
89180	2.120E-03
89200	2.140E-03
89220	2.120E-03
89240	2.140E-03
89260	2.140E-03
89280	2.140E-03
89300	2.140E-03
89320	2.140E-03
89340	2.140E-03
89360	2.140E-03
89380	2.140E-03
89400	2.140E-03
89420	2.140E-03
89440	2.140E-03
89460	2.140E-03
89480	2.140E-03
89500	2.160E-03
89520	2.160E-03
89540	2.160E-03
89560	2.140E-03
89580	2.160E-03
89600	2.160E-03
89620	2.160E-03
89640	2.180E-03
89660	2.180E-03
89680	2.180E-03
89700	2.180E-03
89720	2.200E-03
89740	2.180E-03
89760	2.180E-03
89780	2.180E-03
89800	2.180E-03
89820	2.180E-03
89840	2.160E-03
89860	2.160E-03
89880	2.160E-03
89900	2.140E-03
89920	2.120E-03
89940	2.140E-03
89960	2.140E-03
89980	2.140E-03
90000	2.160E-03
90020	2.160E-03
90040	2.160E-03
90060	2.160E-03
90080	2.160E-03
90100	2.180E-03
90120	2.180E-03
90140	2.160E-03
90160	2.140E-03
90180	2.140E-03
90200	2.140E-03
90220	2.140E-03
90240	2.120E-03
90260	2.120E-03
90280	2.120E-03
90300	2.100E-03
90320	2.080E-03
90340	2.080E-03
90360	2.080E-03
90380	2.060E-03
90400	2.040E-03
90420	2.060E-03
90440	2.040E-03
90460	2.020E-03
90480	2.020E-03
90500	2.000E-03
90520	1.992E-03
90540	1.990E-03
90560	1.978E-03
90580	1.990E-03
90600	1.960E-03
90620	1.964E-03
90640	1.936E-03
90660	1.932E-03
90680	1.928E-03
90700	1.918E-03
90720	1.900E-03
90740	1.902E-03
90760	1.900E-03
90780	1.878E-03
90800	1.880E-03
90820	1.866E-03
90840	1.862E-03
90860	1.856E-03
90880	1.854E-03
90900	1.842E-03
90920	1.816E-03
90940	1.812E-03
90960	1.802E-03
90980	1.800E-03
91000	1.804E-03
91020	1.806E-03
91040	1.784E-03
91060	1.788E-03
91080	1.784E-03
91100	1.776E-03
91120	1.768E-03
91140	1.738E-03
91160	1.742E-03
91180	1.738E-03
91200	1.750E-03
91220	1.736E-03
91240	1.720E-03
91260	1.722E-03
91280	1.722E-03
91300	1.714E-03
91320	1.696E-03
91340	1.698E-03
91360	1.708E-03
91380	1.680E-03
91400	1.694E-03
91420	1.678E-03
91440	1.664E-03
91460	1.664E-03
91480	1.652E-03
91500	1.656E-03
91520	1.662E-03
91540	1.650E-03
91560	1.648E-03
91580	1.644E-03
91600	1.646E-03
91620	1.630E-03
91640	1.634E-03
91660	1.634E-03
91680	1.634E-03
91700	1.626E-03
91720	1.630E-03
91740	1.608E-03
91760	1.606E-03
91780	1.604E-03
91800	1.604E-03
91820	1.602E-03
91840	1.602E-03
91860	1.592E-03
91880	1.598E-03
91900	1.598E-03
91920	1.594E-03
91940	1.590E-03
91960	1.600E-03
91980	1.574E-03
92000	1.580E-03
92020	1.594E-03
92040	1.584E-03
92060	1.596E-03
92080	1.576E-03
92100	1.584E-03
92120	1.584E-03
92140	1.586E-03
92160	1.584E-03
92180	1.566E-03
92200	1.564E-03
92220	1.580E-03
92240	1.558E-03
92260	1.562E-03
92280	1.554E-03
92300	1.552E-03
92320	1.550E-03
92340	1.542E-03
92360	1.538E-03
92380	1.538E-03
92400	1.536E-03
92420	1.536E-03
92440	1.538E-03
92460	1.536E-03
92480	1.536E-03
92500	1.528E-03
92520	1.532E-03
92540	1.526E-03
92560	1.518E-03
92580	1.516E-03
92600	1.512E-03
92620	1.510E-03
92640	1.504E-03
92660	1.504E-03
92680	1.504E-03
92700	1.516E-03
92720	1.506E-03
92740	1.496E-03
92760	1.488E-03
92780	1.486E-03
92800	1.486E-03
92820	1.486E-03
92840	1.478E-03
92860	1.478E-03
92880	1.474E-03
92900	1.466E-03
92920	1.464E-03
92940	1.464E-03
92960	1.458E-03
92980	1.458E-03
93000	1.446E-03
93020	1.446E-03
93040	1.438E-03
93060	1.446E-03
93080	1.438E-03
93100	1.430E-03
93120	1.448E-03
93140	1.444E-03
93160	1.436E-03
93180	1.434E-03
93200	1.432E-03
93220	1.434E-03
93240	1.418E-03
93260	1.424E-03
93280	1.428E-03
93300	1.428E-03
93320	1.426E-03
93340	1.412E-03
93360	1.412E-03
93380	1.404E-03
93400	1.414E-03
93420	1.418E-03
93440	1.414E-03
93460	1.412E-03
93480	1.416E-03
93500	1.414E-03
93520	1.414E-03
93540	1.412E-03
93560	1.412E-03
93580	1.404E-03
93600	1.408E-03
93620	1.394E-03
93640	1.402E-03
93660	1.398E-03
93680	1.402E-03
93700	1.394E-03
93720	1.392E-03
93740	1.388E-03
93760	1.384E-03
93780	1.378E-03
93800	1.370E-03
93820	1.374E-03
93840	1.374E-03
93860	1.376E-03
93880	1.358E-03
93900	1.372E-03
93920	1.368E-03
93940	1.366E-03
93960	1.370E-03
93980	1.364E-03
94000	1.362E-03
94020	1.360E-03
94040	1.358E-03
94060	1.358E-03
94080	1.356E-03
94100	1.352E-03
94120	1.354E-03
94140	1.350E-03
94160	1.340E-03
94180	1.340E-03
94200	1.344E-03
94220	1.342E-03
94240	1.340E-03
94260	1.330E-03
94280	1.334E-03
94300	1.340E-03
94320	1.338E-03
94340	1.338E-03
94360	1.332E-03
94380	1.322E-03
94400	1.330E-03
94420	1.324E-03
94440	1.320E-03
94460	1.312E-03
94480	1.312E-03
94500	1.308E-03
94520	1.302E-03
94540	1.298E-03
94560	1.304E-03
94580	1.296E-03
94600	1.286E-03
94620	1.288E-03
94640	1.282E-03
94660	1.280E-03
94680	1.278E-03
94700	1.280E-03
94720	1.270E-03
94740	1.282E-03
94760	1.264E-03
94780	1.254E-03
94800	1.262E-03
94820	1.254E-03
94840	1.252E-03
94860	1.248E-03
94880	1.246E-03
94900	1.238E-03
94920	1.230E-03
94940	1.226E-03
94960	1.228E-03
94980	1.222E-03
95000	1.210E-03
95020	1.214E-03
95040	1.212E-03
95060	1.210E-03
95080	1.206E-03
95100	1.198E-03
95120	1.192E-03
95140	1.182E-03
95160	1.180E-03
95180	1.186E-03
95200	1.182E-03
95220	1.176E-03
95240	1.168E-03
95260	1.172E-03
95280	1.170E-03
95300	1.166E-03
95320	1.162E-03
95340	1.156E-03
95360	1.152E-03
95380	1.144E-03
95400	1.142E-03
95420	1.134E-03
95440	1.134E-03
95460	1.128E-03
95480	1.130E-03
95500	1.118E-03
95520	1.114E-03
95540	1.114E-03
95560	1.108E-03
95580	1.108E-03
95600	1.104E-03
95620	1.104E-03
95640	1.098E-03
95660	1.100E-03
95680	1.096E-03
95700	1.094E-03
95720	1.086E-03
95740	1.078E-03
95760	1.074E-03
95780	1.080E-03
95800	1.082E-03
95820	1.074E-03
95840	1.074E-03
95860	1.066E-03
95880	1.058E-03
95900	1.058E-03
95920	1.056E-03
95940	1.052E-03
95960	1.048E-03
95980	1.046E-03
96000	1.040E-03
96020	1.038E-03
96040	1.032E-03
96060	1.024E-03
96080	1.026E-03
96100	1.022E-03
96120	1.024E-03
96140	1.012E-03
96160	1.012E-03
96180	1.012E-03
96200	1.014E-03
96220	1.008E-03
96240	1.002E-03
96260	9.920E-04
96280	9.920E-04
96300	9.880E-04
96320	9.860E-04
96340	9.800E-04
96360	9.820E-04
96380	9.720E-04
96400	9.640E-04
96420	9.660E-04
96440	9.620E-04
96460	9.560E-04
96480	9.520E-04
96500	9.520E-04
96520	9.440E-04
96540	9.340E-04
96560	9.320E-04
96580	9.300E-04
96600	9.340E-04
96620	9.260E-04
96640	9.300E-04
96660	9.220E-04
96680	9.140E-04
96700	9.080E-04
96720	9.060E-04
96740	9.040E-04
96760	9.040E-04
96780	8.980E-04
96800	8.920E-04
96820	8.920E-04
96840	8.800E-04
96860	8.820E-04
96880	8.760E-04
96900	8.680E-04
96920	8.620E-04
96940	8.580E-04
96960	8.580E-04
96980	8.500E-04
97000	8.440E-04
97020	8.500E-04
97040	8.420E-04
97060	8.400E-04
97080	8.340E-04
97100	8.280E-04
97120	8.220E-04
97140	8.220E-04
97160	8.260E-04
97180	8.180E-04
97200	8.180E-04
97220	8.140E-04
97240	8.020E-04
97260	8.000E-04
97280	7.940E-04
97300	7.940E-04
97320	7.860E-04
97340	7.860E-04
97360	7.820E-04
97380	7.780E-04
97400	7.740E-04
97420	7.640E-04
97440	7.660E-04
97460	7.640E-04
97480	7.660E-04
97500	7.600E-04
97520	7.580E-04
97540	7.540E-04
97560	7.440E-04
97580	7.440E-04
97600	7.420E-04
97620	7.360E-04
97640	7.320E-04
97660	7.260E-04
97680	7.220E-04
97700	7.160E-04
97720	7.140E-04
97740	7.120E-04
97760	7.040E-04
97780	7.000E-04
97800	6.920E-04
97820	6.920E-04
97840	6.960E-04
97860	6.920E-04
97880	6.880E-04
97900	6.780E-04
97920	6.800E-04
97940	6.740E-04
97960	6.700E-04
97980	6.700E-04
98000	6.640E-04
98020	6.600E-04
98040	6.580E-04
98060	6.500E-04
98080	6.460E-04
98100	6.480E-04
98120	6.440E-04
98140	6.380E-04
98160	6.280E-04
98180	6.240E-04
98200	6.220E-04
98220	6.240E-04
98240	6.160E-04
98260	6.140E-04
98280	6.180E-04
98300	6.060E-04
98320	6.100E-04
98340	6.080E-04
98360	6.060E-04
98380	5.940E-04
98400	5.900E-04
98420	5.860E-04
98440	5.860E-04
98460	5.820E-04
98480	5.800E-04
98500	5.800E-04
98520	5.720E-04
98540	5.640E-04
98560	5.600E-04
98580	5.600E-04
98600	5.600E-04
98620	5.600E-04
98640	5.560E-04
98660	5.500E-04
98680	5.460E-04
98700	5.500E-04
98720	5.480E-04
98740	5.420E-04
98760	5.420E-04
98780	5.380E-04
98800	5.360E-04
98820	5.340E-04
98840	5.300E-04
98860	5.300E-04
98880	5.240E-04
98900	5.160E-04
98920	5.140E-04
98940	5.120E-04
98960	5.100E-04
98980	5.060E-04
99000	5.020E-04
99020	5.040E-04
99040	5.020E-04
99060	4.960E-04
99080	4.920E-04
99100	4.940E-04
99120	4.900E-04
99140	4.900E-04
99160	4.840E-04
99180	4.880E-04
99200	4.840E-04
99220	4.800E-04
99240	4.780E-04
99260	4.780E-04
99280	4.740E-04
99300	4.720E-04
99320	4.680E-04
99340	4.640E-04
99360	4.640E-04
99380	4.620E-04
99400	4.640E-04
99420	4.640E-04
99440	4.560E-04
99460	4.540E-04
99480	4.540E-04
99500	4.540E-04
99520	4.520E-04
99540	4.520E-04
99560	4.460E-04
99580	4.500E-04
99600	4.460E-04
99620	4.440E-04
99640	4.420E-04
99660	4.360E-04
99680	4.360E-04
99700	4.320E-04
99720	4.300E-04
99740	4.320E-04
99760	4.260E-04
99780	4.260E-04
99800	4.200E-04
99820	4.180E-04
99840	4.200E-04
99860	4.160E-04
99880	4.140E-04
99900	4.140E-04
99920	4.120E-04
99940	4.080E-04
99960	4.080E-04
99980	4.060E-04
100000	4.040E-04
