% Model:              230406 -Langevin, stepped-horn and plate.mph
% Version:            COMSOL 6.0.0.405
% Date:               Apr 6 2023, 23:21
% Dimension:          1
% Nodes:              1601
% Expressions:        1
% Description:        Point graph
% freq (Hz)               abs(solid2.u_tZ)
10000                     6.141186882838549E-4
10014.401517070231        6.178709188702479E-4
10028.823774509836        6.217009674681604E-4
10043.26680218813         6.25611814248912E-4
10057.730630017391        6.296065964217128E-4
10072.21528795297         6.336886187545013E-4
10086.72080599342         6.378613649523198E-4
10101.247214180417        6.421285099758348E-4
10115.794542598982        6.464939333920692E-4
10130.362821377403        6.509617338594926E-4
10144.952080687353        6.555362448617054E-4
10159.562350744023        6.602220518170569E-4
10174.193661806055        6.650240107065988E-4
10188.846044175669        6.699472683800697E-4
10203.519528198785        6.749972847188956E-4
10218.214144264966        6.801798568573475E-4
10232.929922807536        6.855011456884957E-4
10247.666894303717        6.90967704910369E-4
10262.425089274553        6.965865129008687E-4
10277.204538285048        7.02365007748324E-4
10292.005271944287        7.083111258082022E-4
10306.827320905348        7.144333442070643E-4
10321.670715865543        7.207407277736501E-4
10336.535487566327        7.272429809442868E-4
10351.42166679343         7.339505052690646E-4
10366.32928437698         7.408744632366592E-4
10381.25837119144         7.480268492428345E-4
10396.20895815574         7.554205686533815E-4
10411.181076233397        7.630695260593776E-4
10426.174756432461        7.709887239962035E-4
10441.190029805639        7.791943736030851E-4
10456.226927450416        7.877040189427077E-4
10471.285480508985        7.965366769893849E-4
10486.365720168467        8.057129956394537E-4
10501.467677660838        8.152554325097565E-4
10516.591384263047        8.251884577868306E-4
10531.73687129716         8.355387849875383E-4
10546.904170130278        8.463356342167546E-4
10562.093312174678        8.576110333899249E-4
10577.304328887945        8.694001639650635E-4
10592.537251772897        8.817417590507147E-4
10607.792112377723        8.946785633869794E-4
10623.068942296111        9.082578667165392E-4
10638.367773167183        9.225321245795092E-4
10653.68863667563         9.375596837196292E-4
10669.031564551831        9.534056332619361E-4
10684.396588571783        9.70142807859216E-4
10699.783740557328        9.878529754327463E-4
10715.193052376071        0.0010066282503893742
10730.624555941511        0.0010265727838840667
10746.078283213175        0.0010478047966303976
10761.55426619655         0.0010704590380791717
10777.052536943213        0.0010946897800755242
10792.57312755097         0.0011206744856092148
10808.116070163785        0.0011486183372016972
10823.681396971915        0.0011787598694698671
10839.269140212038        0.001211378033272131
10854.879332167176        0.0012468011346962369
10870.512005166927        0.0012854182562566099
10886.167191587385        0.0013276940034387017
10901.844923851268        0.0013741877637134397
10917.545234428055        0.0014255791754837893
10933.268155833919        0.0014827022755871371
10949.013720631863        0.0015465919829818963
10964.78196143185         0.00161854845074141
10980.572910890744        0.0017002278476072274
10996.386601712433        0.0017937731623518683
11012.223066647977        0.0019020072470263105
11028.08233849553         0.0020287256207936603
11043.964450100484        0.0021791548406091808
11059.8694343556          0.0023606970071252623
11075.797324200918        0.0025841929446536217
11091.748152624008        0.002866180877318632
11107.721952659882        0.003233203930060773
11123.718757391121        0.003730719614025827
11139.738599948023        0.004443584955005915
11155.781513508531        0.0055504869304448725
11171.847531298365        0.007502778715156829
11187.936686591167        0.011860404323237752
11204.049012708429        0.029761937021605532
11220.18454301963         0.041991173462129924
11236.343310942375        0.01260790547317016
11252.525349942303        0.007194920757652303
11268.730693533345        0.004948142001745032
11284.959375277622        0.0037195662397011596
11301.211428785593        0.0029449853722747694
11317.486887716188        0.002411920814064126
11333.785785776745        0.0020225598654656737
11350.108156723143        0.0017256150447035755
11366.454034359946        0.0014916056900302385
11382.82345254033         0.0013023830353694078
11399.216445166227        0.0011461633832049295
11415.633046188459        0.0010149628758740516
11432.073289606678        9.03180228646716E-4
11448.537209469496        8.067697214371245E-4
11465.024839874632        7.227362813338257E-4
11481.536214968817        6.488152341078661E-4
11498.071368948053        5.832624579323161E-4
11514.630336057518        5.247129506099468E-4
11531.21315059171         4.7208313112156915E-4
11547.819846894581        4.245018718421878E-4
11564.450459359483        3.812608653462743E-4
11581.105022429292        3.4177828484405654E-4
11597.783570596557        3.0557176230513046E-4
11614.486138403438        2.7223801186362516E-4
11631.212760441833        2.4143726794323688E-4
11647.963471353532        2.1288126264622803E-4
11664.738305830124        1.863238401533334E-4
11681.537298613242        1.6155356167508875E-4
11698.360484494497        1.383878338785768E-4
11715.20789831559         1.1666822453795838E-4
11732.07957496848         9.625673464050886E-5
11748.975549395303        7.7032909294129E-5
11765.895856588515        5.889188551774215E-5
11782.840531591037        4.17442448117025E-5
11799.809609496191        2.5523218230176205E-5
11816.80312544783         1.0269379165783441E-5
11833.821114640501        5.365845799083183E-6
11850.863612319357        1.888909062416763E-5
11867.930653780315        3.2159594562943836E-5
11885.022274370189        4.487508266183656E-5
11902.138509486607        5.7050050569463396E-5
11919.27939457827         6.871671128606474E-5
11936.44496514486         7.990826196344858E-5
11953.635256737178        9.065614330159781E-5
11970.8503049573          1.0098951138287821E-4
11988.090145458504        1.1093523152004585E-4
12005.354813945409        1.2051801630781676E-4
12022.644346174131        1.297606002945421E-4
12039.958777952206        1.3868391621093095E-4
12057.298145138739        1.4730726082339685E-4
12074.662483644548        1.556484467476501E-4
12092.051829432072        1.6372393971586608E-4
12109.466218515641        1.7154898201187895E-4
12126.905686961378        1.791377032235623E-4
12144.370270887339        1.865032195662946E-4
12161.86000646368         1.9365772299505363E-4
12179.374929912565        2.0061256123061656E-4
12196.915077508329        2.0737830971561677E-4
12214.48048557762         2.1396483640502347E-4
12232.071190499326        2.2038136019145592E-4
12249.687228704728        2.2663650367141255E-4
12267.328636677647        2.327383408738627E-4
12284.995450954373        2.3869444049824933E-4
12302.68770812381         2.445119051438235E-4
12320.405444827638        2.501974069548555E-4
12338.1486977602          2.5575722005629855E-4
12355.917503668785        2.6119725011113434E-4
12373.711899353531        2.6652306129207624E-4
12391.531921667574        2.717399009273572E-4
12409.377607517195        2.768527220509124E-4
12427.248993861756        2.818662040616418E-4
12445.146117713844        2.8678477167419584E-4
12463.069016139423        2.916126123237751E-4
12481.017726257764        2.963536921700491E-4
12498.992285241595        3.010117708301452E-4
12516.992730317255        3.0559041495694246E-4
12535.019098764593        3.100930107669107E-4
12553.071427917246        3.145227756113552E-4
12571.149755162545        3.1888276867516084E-4
12589.254117941662        3.231759008791051E-4
12607.384553749764        3.27404944054146E-4
12625.541100135944        3.315725394494723E-4
12643.723794703372        3.356812056303297E-4
12661.932675109443        3.3973334581619523E-4
12680.167779065714        3.4373125470513974E-4
12698.42914433805         3.4767712482612173E-4
12716.716808746782        3.515730524569971E-4
12735.030810166629        3.5542104314262177E-4
12753.371186526858        3.5922301684448006E-4
12771.737975811435        3.62980812750369E-4
12790.131216058926        3.6669619377015337E-4
12808.550945362784        3.7037085074155226E-4
12826.997201871241        3.7400640636757265E-4
12845.470023787473        3.7760441890566723E-4
12863.969449369744        3.811663856268336E-4
12882.495516931349        3.84693746061361E-4
12901.04826484075         3.8818788504670293E-4
12919.627731521749        3.9165013559155687E-4
12938.233955453405        3.9508178156912033E-4
12956.86697517019         3.9848406025155445E-4
12975.526829262153        4.018581646966594E-4
12994.213556374814        4.05205245996858E-4
13012.927195209451        4.08526415399998E-4
13031.667784523           4.1182274631049523E-4
13050.435363128214        4.1509527617893983E-4
13069.229969893819        4.18345008287528E-4
13088.05164374444         4.215729134381418E-4
13106.90042366076         4.247799315495137E-4
13125.776348679678        4.279669731693257E-4
13144.679457894234        4.3113492090667704E-4
13163.609790453766        4.342846307900734E-4
13182.567385564074        4.374169335556331E-4
13201.552282487342        4.4053263586983784E-4
13220.564520542295        4.4363252149101607E-4
13239.604139104365        4.4671735237331413E-4
13258.67117760558         4.497878697166592E-4
13277.765675534869        4.528447949661404E-4
13296.887672437944        4.558888307637553E-4
13316.037207917474        4.5892066185552696E-4
13335.21432163324         4.619409559566386E-4
13354.419053302061        4.6495036457707187E-4
13373.651442697948        4.6794952381019E-4
13392.911529652283        4.7093905508644E-4
13412.199354053722        4.739195658942079E-4
13431.514955848372        4.7689165046985437E-4
13450.858375039945        4.79855890458717E-4
13470.229651689657        4.828128555487526E-4
13489.628825916532        4.857631040785509E-4
13509.055937897287        4.887071836210962E-4
13528.511027866492        4.9164563154483E-4
13547.994136116757        4.945789755533134E-4
13567.505302998625        4.975077342047263E-4
13587.044568920757        5.004324174124882E-4
13606.61197435009         5.03353526928087E-4
13626.207559811752        5.062715568071671E-4
13645.831365889238        5.091869938599645E-4
13665.483433224574        5.121003180870151E-4
13685.16380251823         5.150120031010229E-4
13704.87251452929         5.179225165358233E-4
13724.609610075626        5.208323204432479E-4
13744.375130033775        5.237418716786172E-4
13764.16911533926         5.266516222757436E-4
13783.991606986472        5.295620198120128E-4
13803.842646028837        5.324735077643537E-4
13823.722273578996        5.353865258567054E-4
13843.630530808705        5.383015103995715E-4
13863.567458949019        5.412188946223551E-4
13883.533099290456        5.441391089990045E-4
13903.527493182912        5.470625815675068E-4
13923.550682035835        5.49989738243844E-4
13943.602707318392        5.52921003130894E-4
13963.683610559363        5.558567988227553E-4
13983.79343334744         5.587975467050803E-4
14003.932217331136        5.617436672517884E-4
14024.100004218933        5.646955803187194E-4
14044.296835779474        5.676537054346575E-4
14064.522753841462        5.706184620901266E-4
14084.777800293845        5.735902700244849E-4
14105.06201708598         5.765695495117094E-4
14125.375446227554        5.795567216452669E-4
14145.718129788755        5.825522086225715E-4
14166.090109900439        5.855564340294104E-4
14186.491428754056        5.885698231247245E-4
14206.922128601816        5.915928031262384E-4
14227.382251756868        5.946258034973149E-4
14247.871840593178        5.976692562354174E-4
14268.390937545855        6.007235961627076E-4
14288.939585111037        6.037892612190725E-4
14309.517825846056        6.068666927581178E-4
14330.125702369627        6.099563358465232E-4
14350.763257361752        6.13058639567155E-4
14371.430533563898        6.161740573264672E-4
14392.127573779175        6.193030471666064E-4
14412.854420872249        6.224460720826491E-4
14433.611117769515        6.256036003455248E-4
14454.39770745928         6.287761058310834E-4
14475.21423299164         6.319640683557523E-4
14496.060737478809        6.351679740194271E-4
14516.937264095           6.383883155559873E-4
14537.843856076606        6.416255926921011E-4
14558.780556722371        6.448803125148519E-4
14579.747409393312        6.481529898487317E-4
14600.744457512887        6.514441476426988E-4
14621.771744567182        6.547543173678994E-4
14642.829314104825        6.580840394266751E-4
14663.917209737152        6.614338635736286E-4
14685.035475138402        6.648043493494331E-4
14706.184154045619        6.681960665280973E-4
14727.363290258834        6.716095955785502E-4
14748.572927641251        6.750455281413456E-4
14769.813110119121        6.785044675212856E-4
14791.083881682072        6.819870291970014E-4
14812.385286383           6.854938413482968E-4
14833.717368338239        6.890255454023723E-4
14855.08017172775         6.925827965999326E-4
14876.47374079503         6.961662645822495E-4
14897.898119847292        6.997766340004157E-4
14919.353353255648        7.034146051479945E-4
14940.83948545502         7.07080894618298E-4
14962.356560944329        7.107762359877607E-4
14983.904624286663        7.14501380526805E-4
15005.48372010917         7.182570979396694E-4
15027.093893103394        7.220441771349464E-4
15048.735188025144        7.258634270283768E-4
15070.40764969469         7.29715677379843E-4
15092.111322996932        7.336017796664213E-4
15113.846252881329        7.375226079934734E-4
15135.612484362071        7.414790600460319E-4
15157.410062518267        7.454720580827137E-4
15179.239032493853        7.495025499745371E-4
15201.09943949778         7.535715102913273E-4
15222.991328804204        7.576799414384007E-4
15244.91474575238         7.618288748463843E-4
15266.869735746868        7.660193722174025E-4
15288.856344257703        7.702525268308562E-4
15310.874616820287        7.745294649122914E-4
15332.92459903572         7.788513470692399E-4
15355.00633657068         7.832193697978787E-4
15377.119875157612        7.876347670649364E-4
15399.26526059492         7.920988119693573E-4
15421.44253874687         7.966128184885601E-4
15443.651755543773        8.011781433146327E-4
15465.892956982192        8.057961877859998E-4
15488.166189124828        8.104683999204987E-4
15510.471498100722        8.151962765564068E-4
15532.808930105448        8.199813656082361E-4
15555.178531400972        8.248252684446202E-4
15577.58034831602         8.29729642396395E-4
15600.014427245938        8.346962034031786E-4
15622.48081465289         8.397267288077898E-4
15644.97955706605         8.448230603082769E-4
15667.5107010815          8.499871070781061E-4
15690.074293362435        8.552208490660562E-4
15712.670380639343        8.605263404880695E-4
15735.299009709914        8.659057135242797E-4
15757.960227439235        8.713611822356897E-4
15780.654080759985        8.768950467159246E-4
15803.380616672333        8.825096974947482E-4
15826.139882244139        8.882076202116032E-4
15848.93192461114         8.939914005787427E-4
15871.756790976831        8.998637296551386E-4
15894.614528612814        9.058274094544554E-4
15917.505184858672        9.118853589118885E-4
15940.428807122164        9.180406202372946E-4
15963.385442879422        9.242963656841365E-4
15986.375139674854        9.306559047663768E-4
16009.397945121338        9.371226919585827E-4
16032.453906900417        9.437003349174335E-4
16055.543072762212        9.503926032663376E-4
16078.6654905256          9.572034379889489E-4
16101.821208078436        9.641369614814458E-4
16125.0102733774          9.711974883180984E-4
16148.232734448371        9.783895367902798E-4
16171.488639386294        9.857178412843097E-4
16194.77803635538         9.93187365570553E-4
16218.100973589299        0.0010008033170830057
16241.457499391088        0.0010085711622765912
16264.847662133347        0.0010164966431586116
16288.27151025844         0.0010245857951004323
16311.729092278396        0.001032844966046592
16335.220456775107        0.0010412808372512918
16358.745652400532        0.0010499004456858494
16382.304727876595        0.0010587112082763505
16405.89773199539         0.0010677209481486716
16429.52471361937         0.0010769379230775385
16453.185721681235        0.0010863708563586256
16476.880805184283        0.0010960289703483923
16500.610013202288        0.0011059220229442475
16524.37339487969         0.0011160603473107042
16548.170999431815        0.0011264548951935673
16572.002876144757        0.0011371172842059721
16595.869074375598        0.0011480598495182373
16619.769643552594        0.0011592957004375195
16643.704633175086        0.0011708387824255963
16667.674092813708        0.00118270394517494
16691.678072110582        0.0011949070174449312
16715.716620779178        0.0012074648894545461
16739.78978860471         0.0012203956037375762
16763.89762544398         0.0012337184554915902
16788.040181225588        0.0012474541035992505
16812.217505950157        0.0012616246936700026
16836.429649690195        0.0012762539946483418
16860.676662590336        0.0012913675507671399
16884.958594867534        0.001306992850895252
16909.275496810948        0.0013231595176475862
16933.62741878217         0.0013398995190022584
16958.014411215423        0.0013572474056131175
16982.43652461746         0.0013752405775328668
17006.893809567766        0.0013939195846895194
17031.386316718777        0.0014133284662068532
17055.914096795736        0.0014335151345561872
17080.477200597077        0.0014545318116064646
17105.07567899429         0.0014764355249401483
17129.70958293212         0.0014992886743826232
17154.37896342879         0.001523159680613297
17179.083871575895        0.001548123730076058
17203.824358538604        0.001574263633293693
17228.60047555588         0.001601670817252249
17253.412273940372        0.0016304464769403215
17278.259805078626        0.0016607029166407342
17303.1431204313          0.0016925651184832803
17328.06227153302         0.0017261725844868007
17353.017309992774        0.0017616815093891857
17378.00828749376         0.0017992673557033388
17403.035255793624        0.0018391279206335723
17428.098266724643        0.0018814870080629414
17453.197372193634        0.001926598849614221
17478.332624182174        0.001974753459334388
17503.50407474681         0.0020262831604080053
17528.711776018943        0.002081570594512422
17553.95578020506         0.0021410586222087354
17579.23613958693         0.0022052626565852874
17604.55290652152         0.002274786157633868
17629.906133441193        0.0023503402744934764
17655.295872853927        0.0024327689914710442
17680.722177343177        0.002523081665100767
17706.185099568283        0.0026224956171713503
17731.684692264294        0.0027324926063656153
17757.22100824222         0.0028548947571627853
17782.794100389227        0.0029919682433556085
17808.404021668546        0.003146567329386987
17834.050825119673        0.003322338366551449
17859.73456385861         0.003524015026171474
17885.45529107773         0.0037578562057056105
17911.213060046026        0.004032314082548165
17937.007924109308        0.004359086958521044
17962.839936690067        0.004754842878444716
17988.709151287872        0.005244171714537281
18014.615621479246        0.005864924577437569
18040.55940091785         0.0066785428449280615
18066.540543334733        0.007791816879747446
18092.55910253822         0.00940815257439311
18118.61513241412         0.011968586586752492
18144.708686925966        0.01664068968887568
18170.839820114878        0.027842820514457814
18197.008586099826        0.08748986635764894
18223.21503907781         0.0619118935755485
18249.459233323792        0.023413274680195426
18275.741223190875        0.014167060729285726
18302.061063110566        0.01004111589050069
18328.41880759261         0.007706309164548242
18354.814511225402        0.006204333171203462
18381.24822867584         0.005156834235669661
18407.720014689545        0.0043844435335829495
18434.229924091105        0.0037911883547522627
18460.778011783943        0.00332107833694268
18487.364332750552        0.002939251075689111
18513.98894205272         0.002622866442539775
18540.651894831426        0.002356336003005953
18567.353246307055        0.0021286568639286045
18594.093051779626        0.0019318411558657761
18620.871366628657        0.0017599495685688858
18647.688246313566        0.0016084742292550227
18674.54374637353         0.0014739319804634228
18701.43792242771         0.0013535888722028043
18728.370830175485        0.001245269003384543
18755.342525396325        0.001147219047910241
18782.35306395004         0.001058010417762997
18809.402501777           9.764674043918941E-4
18836.49089489802         9.016135920806736E-4
18863.618299414597        8.326313433234432E-4
18890.784771509134        7.688307813844831E-4
18917.99036744483         7.096257704679689E-4
18945.235143565915        6.545151185208359E-4
18972.519156297876        6.030677242563211E-4
18999.84246214731         5.549107355557301E-4
19027.205117702342        5.097200303321938E-4
19054.607179632483        4.6721250540237224E-4
19082.04870468885         4.271397852136031E-4
19109.529749704405        3.892830547721347E-4
19137.050371593854        3.534487895944527E-4
19164.610627353853        3.194652067400642E-4
19192.210574063272        2.871792997578841E-4
19219.850268883056        2.564543501237092E-4
19247.52976905648         2.2716783105877495E-4
19275.249131909368        1.9920963869523144E-4
19303.008414849945        1.724806027796478E-4
19330.807675369273        1.468912484065915E-4
19358.646971041093        1.2236081115453743E-4
19386.526359522057        9.881658050432195E-5
19414.445898551974        7.619387884552052E-5
19442.40564595368         5.443797772623611E-5
19470.4056596333          3.3515540718165176E-5
19498.445997580457        1.3530996314928075E-5
19526.52671786817         7.270477823823015E-6
19554.6478786531          2.555106034818154E-5
19582.80953817578         4.372984765617812E-5
19611.011754760497        6.138619950754697E-5
19639.254586815525        7.851576986457198E-5
19667.53809283339         9.514051789667573E-5
19695.862331390686        1.1128623020894618E-4
19724.227361148533        1.2697855624693144E-4
19752.633240852407        1.4224202115283087E-4
19781.08002933238         1.5709977230541925E-4
19809.567785503386        1.7157355228026035E-4
19838.096568365072        1.8568374999944497E-4
19866.66643700205         1.9944947894686162E-4
19895.277450584163        2.128886627939432E-4
19923.92966836632         2.2601812039394208E-4
19952.62314968879         2.3885364681765483E-4
19981.357953977404        2.514100891527074E-4
20010.134140743423        2.637014167200447E-4
20038.95176958398         2.7574078579253874E-4
20067.8109001819          2.875405990946043E-4
20096.711592305976        2.9911256044270156E-4
20125.65390581119         3.104677249088342E-4
20154.637900638598        3.216165448836751E-4
20183.663636815596        3.3256891239717213E-4
20212.731174456138        3.433341980288637E-4
20241.840573760634        3.539212867131373E-4
20270.991895016185        3.6433861071814784E-4
20300.185198596846        3.7459418005122036E-4
20329.42054496349         3.8469561051971156E-4
20358.69799466407         3.946501496549751E-4
20388.017608333856        4.044647006867571E-4
20417.379446695275        4.1414584473748763E-4
20446.783570558375        4.2369986139016724E-4
20476.230040820647        4.331327477682582E-4
20505.718918467293        4.42450236253685E-4
20535.25026457146         4.5165781095672235E-4
20564.82414029413         4.60760723041128E-4
20594.440606884367        4.697640049986068E-4
20624.09972567956         4.786724839578888E-4
20653.80155810531         4.874907941059819E-4
20683.546165675692        4.962233882926132E-4
20713.333609993486        5.048745488822383E-4
20743.163952750016        5.13448397912449E-4
20773.03725572563         5.21948906612904E-4
20802.95358078952         5.303799043336606E-4
20832.912989899974        5.387450869283254E-4
20862.915545104646        5.47048024633243E-4
20892.96130854041         5.552921694805673E-4
20923.05034243363         5.634808622803106E-4
20953.182709100416        5.716173392032995E-4
20983.358470946496        5.797047379945036E-4
21013.577690467468        5.877461038441255E-4
21043.84043024906         5.957443949414917E-4
21074.146752967004        6.03702487734853E-4
21104.496721387306        6.116231819187369E-4
21134.890398366475        6.195092051686679E-4
21165.32784685139         6.273632176415456E-4
21195.809129879737        6.351878162590886E-4
21226.33431057987         6.429855387899266E-4
21256.903452171053        6.507588677454108E-4
21287.516617963727        6.58510234102853E-4
21318.17387135937         6.662420208689739E-4
21348.875275850784        6.739565664958281E-4
21379.620895022323        6.816561681603756E-4
21410.4107925498          6.893430849182116E-4
21441.245032200713        6.970195407415952E-4
21472.12367783454         7.046877274510641E-4
21503.046793402544        7.123498075493705E-4
21534.01444294826         7.200079169663793E-4
21565.026690607334        7.276641677225421E-4
21596.08360060777         7.353206505187449E-4
21627.1852372702          7.429794372596189E-4
21658.33166500776         7.506425835170636E-4
21689.522948326354        7.583121309407707E-4
21720.759151824903        7.659901096219422E-4
21752.040340195246        7.736785404162286E-4
21783.36657822237         7.813794372319422E-4
21814.737930784708        7.890948092892069E-4
21846.154462853992        7.968266633554717E-4
21877.616239495517        8.045770059630734E-4
21909.123325868426        8.123478456140808E-4
21940.67578722551         8.201411949775865E-4
21972.273688913727        8.279590730849382E-4
22003.917096373996        8.358035075277497E-4
22035.60607514149         8.436765366641604E-4
22067.340690845896        8.515802118383894E-4
22099.12100921128         8.595165996186903E-4
22130.947096056363        8.674877840591807E-4
22162.81901729479         8.754958689907554E-4
22194.736838934994        8.835429803464021E-4
22226.70062708047         8.916312685266787E-4
22258.710447930054        8.997629108108915E-4
22290.76636777773         9.079401138197201E-4
22322.86845301314         9.161651160355715E-4
22355.0167701214          9.244401903865733E-4
22387.21138568338         9.327676469009293E-4
22419.452366375957        9.411498354382821E-4
22451.73977897192         9.495891485049854E-4
22484.073690340203        9.580880241608513E-4
22516.45416744618         9.666489490249947E-4
22548.88127735154         9.75274461388755E-4
22581.35508721453         9.839671544444554E-4
22613.87566429028         9.927296796389175E-4
22646.44307593062         0.0010015647501611469
22679.057389584377        0.0010104751445745015
22711.718672797666        0.001019463710603965
22744.426993213678        0.0010285333690897645
22777.18241857322         0.0010376871181197907
22809.985016714505        0.001046928037353336
22842.834855573456        0.0010562592925502567
22875.732003183955        0.0010656841403201692
22908.676527677748        0.0010752059331073068
22941.668497284678        0.0010848281244281437
22974.707980333           0.0010945542743797786
23007.795045249237        0.0011043880554383564
23040.929760558447        0.00111433325856866
23074.112194884518        0.0011243937996671795
23107.342416949978        0.0011345737263627025
23140.620495576517        0.0011448772252008266
23173.946499684796        0.001155308629240061
23207.320498294735        0.0011658724260902315
23240.74256052579         0.0011765732664258575
23274.212755596815        0.0011874159730098494
23307.731152826364        0.0011984055502662402
23341.297821632943        0.0012095471944434813
23374.912831534904        0.0012208463044133845
23408.57625215071         0.0012323084931550794
23442.288153199228        0.001243939599977254
23476.048604499585        0.0012557457035365922
23509.857675971467        0.0012677331357160218
23543.71543763539         0.001279908496431582
23577.621959612523        0.0012922786694430821
23611.577312125206        0.0013048508392512384
23645.58156549677         0.001317632509170778
23679.63479015183         0.0013306315206784694
23713.737056616552        0.0013438560741438948
23747.888435518536        0.0013573147510613458
23782.0889975871          0.0013710165379132813
23816.33881365355         0.0013849708518083982
23850.637954651076        0.0013991875680517782
23884.98649161501         0.001413677049821169
23919.384495683134        0.001428450180141079
23953.83203809549         0.0014435183963663995
23988.329190194898        0.0014588937274105725
24022.876023426794        0.0014745888339775701
24057.47260933949         0.0014906170520864153
24092.11901958449         0.0015069924402084003
24126.815325916352        0.001523729830373046
24161.561600192956        0.0015408448836402332
24196.357914375818        0.0015583541503813054
24231.204340529952        0.0015762751358639649
24266.100950824144        0.0015946263716954756
24301.04781753127         0.0016134274937452298
24336.04501302814         0.0016326993272439768
24371.092609795796        0.0016524639798449735
24406.19068041981         0.001672744943531057
24441.339297590104        0.001693567206365717
24476.538534101463        0.001714957375217935
24511.788462853365        0.0017369438107395195
24547.089156850285        0.0017595567760485327
24582.440689201972        0.0017828286007716583
24617.843133123326        0.0018067938623302013
24653.296561934672        0.001831489586624261
24688.80104906209         0.0018569554705819254
24724.356668037253        0.0018832341294053568
24759.963492497725        0.0019103713717737864
24795.62159618728         0.0019384165067635423
24831.331052955677        0.0019674226868343823
24867.09193675925         0.0019974472919282583
24902.904321660677        0.0020285523605471745
24938.7682818293          0.0020608050746563663
24974.683891541434        0.002094278306421368
25010.6512251802          0.0021290512361791946
25046.670357235856        0.002165210052714599
25082.741362306075        0.002202848748921851
25118.864315095823        0.0022420700283635533
25155.03929041764         0.0022829863411908038
25191.26636319197         0.0023257210714865257
25227.545608446995        0.002370409902500894
25263.877101318954        0.002417202391673015
25300.260917052445        0.0024662637940376735
25336.69713100022         0.0025177771809514367
25373.18581862376         0.0025719459114917423
25409.727055493066        0.002628996526970754
25446.320917286976        0.0026891821555626635
25482.967479793464        0.0027527865351017035
25519.666818909507        0.002820128789084098
25556.41901064137         0.0028915691257054787
25593.224131104944        0.002967515674982425
25630.082256525584        0.0030484327382360324
25666.99346323841         0.003134850802455272
25703.957827688646        0.0032273787763258503
25740.975426431392        0.003326719045008972
25778.046336132207        0.003433686131471761
25815.17063356691         0.003549230014253353
25852.348395621888        0.003674465515993346
25889.579699294398        0.0038107096902461773
25926.86462169245         0.003959529866749281
25964.203240035087        0.00412280607686243
26001.595631652723        0.0043028131439984555
26039.04187398697         0.004502330066417698
26076.54204459099         0.004724787898934749
26114.09622112977         0.004974472926344963
26151.70448138            0.0052568108483296815
26189.36690323037         0.005578772340824365
26227.083564681914        0.005949465103678661
26264.854543847778        0.006381020729013622
26302.679918953814        0.006889963148798667
26340.559768338382        0.007499394056295964
26378.494170452646        0.008242627089582287
26416.483203860924        0.009169530142355265
26454.526947240516        0.010358263243082089
26492.62547938202         0.011938649329673456
26530.77887918968         0.014143279873486132
26568.987225681198        0.017434177874166717
26607.250597988084        0.022877674154509135
26645.569075355972        0.03360712840533531
26683.942737144396        0.06440699279064162
26722.3716628274          0.37591636079854923
26760.855931993334        0.06806343600750361
26799.39562434514         0.03327449648473786
26837.99081970073         0.021777449524791662
26876.641597992795        0.016062980301020845
26915.348039269138        0.012646136207226193
26954.110223693016        0.010372841984374676
26992.92823154296         0.008750867066484974
27031.802143213114        0.007534970616613304
27070.732039213577        0.006589277787163597
27109.718000170218        0.005832437989990793
27148.760106825026        0.005212771960251354
27187.85844003643         0.004695875754962536
27227.0130807791          0.0042579595367157365
27266.224110144525        0.003882047667014945
27305.49160934083         0.0035557020837378383
27344.81565969307         0.003269601200479617
27384.196342643612        0.0030166213781535533
27423.63373975193         0.002791225162571805
27463.127932694955        0.0025890430674469817
27502.67900326742         0.0024065810454667724
27542.28703338169         0.002241011681938941
27581.95210506808         0.0020900224293563794
27621.674300475224        0.0019517034957556188
27661.45370186984         0.001824463803887375
27701.29039163733         0.0017069671499961546
27741.184452281588        0.0015980831162380439
27781.135966425332        0.0014968489065228202
27821.145016810424        0.0014024393713302009
27861.211686297724        0.0013141432423275578
27901.336057867422        0.001231344126036728
27941.518214619387        0.0011535051806341344
27981.75823977299         0.0010801566692596645
28022.056216667454        0.0010108857789747911
28062.412228762187        9.453282384060652E-4
28102.826359636627        8.831613739632806E-4
28143.298692990575        8.240983246341004E-4
28183.82931264455         7.678831959704332E-4
28224.418302539547        7.142869801274313E-4
28265.065746737688        6.631041043829245E-4
28305.771729421973        6.141494981390616E-4
28346.536334896653        5.67256089930659E-4
28387.35964758755         5.222726629036988E-4
28428.241752041904        4.7906201065705406E-4
28469.182732928715        4.374993460923842E-4
28510.182675039097        3.97470924648678E-4
28551.2416632861          3.5887285055691677E-4
28592.359782705054        3.2161004107843997E-4
28633.537118453936        2.855953297764462E-4
28674.77375581313         2.507486968803089E-4
28716.06978018607         2.1699662532306086E-4
28757.425277099002        1.8427160189392905E-4
28798.840332201347        1.525118350104841E-4
28840.31503126606         1.2166141870227505E-4
28881.84946018942         9.167176537133754E-5
28923.44370499144         6.25081024482788E-5
28965.097851816172        3.4189320010823376E-5
29006.81198693156         7.72300665345417E-6
29048.586196729782        2.1521112624565957E-5
29090.42056772761         4.769161235423522E-5
29132.315186566248        7.34768370229806E-5
29174.27014001166         9.874489664668525E-5
29216.285514954954        1.2349959358409873E-4
29258.361398412133        1.4776181327705664E-4
29300.49787752476         1.7155570335208062E-4
29342.695039559705        1.9490559841011719E-4
29384.952971909526        2.178351255395112E-4
29427.27176209282         2.4036692354414385E-4
29469.651497754032        2.6252257158795297E-4
29512.09226666384         2.8432259799976607E-4
29554.5941567195          3.057865213735538E-4
29597.15725594468         3.269329042963165E-4
29639.7816524898          3.477794110210261E-4
29682.46743463243         3.683428650832904E-4
29725.214690777015        3.8863930499965246E-4
29768.02350945557         4.0868403721717816E-4
29810.89397932742         4.28491685997504E-4
29853.82618917957         4.480762401833065E-4
29896.82022792709         4.674510969286351E-4
29939.876184612905        4.866291025412177E-4
29982.99414840818         5.056225906157806E-4
30026.174208612676        5.244434176467891E-4
30069.416454654584        5.431029963082576E-4
30112.720976090885        5.616123265825296E-4
30156.087862607717        5.799820249095735E-4
30199.51720402019         5.982223515176859E-4
30243.009090272775        6.163432360860272E-4
30286.56361143965         6.343543018777733E-4
30330.18085772447         6.522648884723101E-4
30373.860919461044        6.700840732159892E-4
30417.60388711309         6.878206915005167E-4
30461.40985127461         7.054833559711548E-4
30505.278902670256        7.230804747584615E-4
30549.211132155153        7.406202688203301E-4
30593.206630715278        7.581107884756255E-4
30637.265489467816        7.755599292042448E-4
30681.387799660995        7.929754467834583E-4
30725.573652674455        8.103649718263761E-4
30769.82314001962         8.277360237836504E-4
30814.136353339458        8.450960244658237E-4
30858.513384409165        8.624523111413637E-4
30902.95432513592         8.79812149261121E-4
30947.45926755926         8.971827448588651E-4
30992.028303851468        9.145712566743975E-4
31036.66152631737         9.319848080439368E-4
31081.359027394734        9.494304986014894E-4
31126.120899654637        9.669154158329459E-4
31170.947235801286        9.844466465235293E-4
31215.83812867239         0.0010020312881391213
31260.793671239557        0.001019676460180716
31305.813956608094        0.0010373893155508388
31350.899078017388        0.0010551770519714799
31396.049128841307        0.0010730469234923848
31441.26420258793         0.0010910062521289129
31486.54439290025         0.0011090624396701773
31531.889793555947        0.0011272229796975653
31577.30049846774         0.001145495469856144
31622.776601683792        0.0011638876244219989
31668.31819738752         0.0011824072872100226
31713.925379897977        0.0012010624448692648
31759.598243670243        0.0012198612406144362
31805.336883295236        0.0012388119884445
31851.141393500096        0.0012579231879028853
31897.011869148584        0.0012772035394362255
31942.94840524081         0.0012966619604119994
31988.951096913974        0.0013163076018603832
32035.020039442075        0.0013361498660085104
32081.155328236335        0.001356198424681706
32127.35705884557         0.0013764632386507715
32173.625326956007        0.0013969545780104686
32219.960228391683        0.0014176830436817354
32266.361859114822        0.0014386595901369338
32312.830315225652        0.0014598955494555762
32359.36569296281         0.0014814026568279513
32405.968088703718        0.001503193077633318
32452.637598964404        0.0015252794362306827
32499.374320399893        0.001547674846613304
32546.178349804602        0.0015703929450912495
32593.049784112154        0.0015934479251815319
32639.988720395766        0.0016168545749034576
32686.995255868664        0.001640628316694916
32734.069487883793        0.0016647852501865345
32781.211513934584        0.0016893421980955427
32828.421431654664        0.0017143167555256449
32875.699338818275        0.0017397273429907824
32923.045333340655        0.0017655932635124694
32970.45951327787         0.0017919347641776353
33017.941976827184        0.0018187731025863906
33065.492822327506        0.0018461306186652077
33113.112148259075        0.0018740308123734552
33160.800053244246        0.0019024984278922796
33208.55663604718         0.0019315595449496494
33256.38199557429         0.0019612416780136438
33304.27623087463         0.001991573884170704
33352.239441139696        0.0020225868806032646
33400.27172570383         0.0020543131726935347
33448.37318404464         0.0020867871939054803
33496.54391578279         0.0021200454587415912
33544.78402068242         0.002154126730237435
33593.093598651525        0.002189072203645035
33641.47274974181         0.0022249257081736243
33689.92157414906         0.0022617339289076523
33738.44017221355         0.0022995466513094386
33787.028644419865        0.0023384170310473606
33835.687091397296        0.002378401892278625
33884.415613920275        0.0024195620579636305
33933.21431290807         0.0024619627163120685
33982.083289425595        0.0025056738280744275
34031.022644683064        0.0025507705801051423
34080.03248003648         0.002597333891468286
34129.11289698801         0.0026454509793455818
34178.26399718579         0.002695215993178237
34227.485882424364        0.002746730726865422
34276.778654645044        0.002800105420494763
34326.14241593572         0.0028554596650563536
34375.57726853155         0.0029129234259648324
34425.083314814736        0.0029726382040667324
34474.66065731491         0.003034758356271026
34524.309398709585        0.003099452602144367
34574.02964182394         0.0031669057479586336
34623.821489631206        0.0032373206660187377
34673.685045253165        0.003310920574962343
34723.62041195987         0.0033879516765738553
34773.627693170114        0.00346868621713953
34823.70699245182         0.0035534260574184486
34873.85841352188         0.003642506856366428
34924.082060246525        0.0037363030021845545
34974.3780366418          0.0038352334642314996
35024.746446873345        0.003939768798937302
35075.18739525679         0.0040504396395001484
35125.700986258234        0.004167847174832271
35176.287324493904        0.004292676492716876
35226.94651473101         0.004425714586646918
35277.67866188742         0.004567877654463138
35328.48387103208         0.004720263365453744
35379.362247385485        0.0048843042719039316
35430.31389631945         0.005062692374933129
35481.33892335753         0.005236544448660937
35532.437434175474        0.005448880661605285
35583.609534600924        0.005675091144705103
35634.85533061423         0.005920815510552469
35686.17492834813         0.0061901695586295165
35737.56843408825         0.006487195421662521
35789.03595427346         0.006816655432185032
35840.57759549572         0.007184386680658331
35892.193464500495        0.00759768044845763
35943.883668187205        0.008065788118871152
35995.64831360899         0.008600638109641068
36047.487507973165        0.009217885471255339
36099.40135864167         0.009938493897540743
36151.389973130834        0.010791196424310836
36203.45345911182         0.011816463317680506
36255.5919244111          0.01307317704360744
36307.80547701017         0.014650445290816319
36360.09422504609         0.016689843863790667
36412.458276811805        0.01943068110491289
36464.897740755994        0.023311855350669573
36517.41272548377         0.02923447438610973
36570.00333975645         0.039386131240182046
36622.66969249197         0.06079401396739174
36675.411892765354        0.1345531364598134
36728.2300498085          0.38670368770257757
36781.124273010595        0.08647080364251271
36834.0946719186          0.047349339632818954
36887.14135623695         0.03237375553539825
36940.264435828336        0.02447316316847272
36993.46402071348         0.019592106560442156
37046.74022107154         0.016276366006171633
37100.09314724056         0.013876109741983795
37153.52290971728         0.012057396510032656
37207.029619157554        0.010631057709792462
37260.61338637685         0.00948192528206398
37314.27432234997         0.008535873817639249
37368.01253821156         0.007743034647490728
37421.82814525653         0.007068624614991387
37475.72125493985         0.006487643082199076
37529.691978876996        0.005981658840452613
37583.74042884443         0.005536785301325802
37637.86671677935         0.005142361060916376
37692.07095478015         0.004790064899075234
37746.35325510692         0.004473307019933527
37800.71373018109         0.0041868009157335654
37855.1524925863          0.003926256277787179
37909.66965506812         0.003688154824772421
37964.26533053447         0.003469584053794494
38018.93963205613         0.0032681121746293063
38073.69267286644         0.0030816927970431338
38128.52456636187         0.0029085914282659417
38183.43542610239         0.002747328172002385
38238.42536581123         0.0025966326102538767
38293.49449937568         0.0024554079494424445
38348.64294084684         0.0023227022849171834
38403.87080444004         0.0021976853877838146
38459.178204535354        0.0020796298142873944
38514.56525567733         0.001967895426902084
38570.032072575465        0.001861916629214883
38625.57877010472         0.0017611917752214372
38681.20546330525         0.0016652743327872407
38736.91226738286         0.0015737654713524132
38792.69929770954         0.0014863078130220103
38848.56666982318         0.001402580139395573
38904.51449942805         0.001322292887792958
38960.542902395304        0.0012451843028262763
39016.651994762746        0.001171017134675985
39072.84189273525         0.0010995757955471503
39129.11271268532         0.0010306639018157664
39185.46457115272         9.641021422235067E-4
39241.897584845356        8.997264228333936E-4
39298.411870639           8.373862478673738E-4
39355.007545577726        7.769433024059506E-4
39411.684726874395        7.182702085916091E-4
39468.44353191047         6.612494317066628E-4
39525.284078236415        6.057723165385036E-4
39582.20648357226         5.517382380631981E-4
39639.21086580725         4.990538539912669E-4
39696.29734300069         4.4763245065956853E-4
39753.46603338171         3.973933791968942E-4
39810.71705534969         3.482615882821426E-4
39868.05052747477         3.001672795511126E-4
39925.4665684976          2.530457603586789E-4
39982.965297329836        2.0683770805230122E-4
40040.546833054635        1.6149053546253686E-4
40098.211294926405        1.169635992395683E-4
40155.958802371286        7.325281402307973E-5
40213.78947498767         3.062236480766678E-5
40271.703432545946        1.4752995673431223E-5
40329.70079498898         5.518833540565838E-5
40387.781682432615        9.63255843270854E-5
40445.94621516545         1.370694742006558E-4
40504.19451364931         1.773691323050814E-4
40562.52669851974         2.172386549622756E-4
40620.942890585706        2.5670447761817235E-4
40679.443210830475        2.957959931696263E-4
40738.02778041131         3.3454302441177796E-4
40796.69672065994         3.7297499361633367E-4
40855.450153083104        4.1112063217097654E-4
40914.288199362265        4.4900789195235883E-4
40973.21098135413         4.866639403907077E-4
41032.21862109115         5.241151924944322E-4
41091.31124078118         5.613873595320869E-4
41150.48896280841         5.985055049351739E-4
41209.751909733044        6.354941028274334E-4
41269.10020429176         6.723770968966551E-4
41328.53396939828         7.09177958480334E-4
41388.053328143076        7.459197433419989E-4
41447.65840379389         7.826251469434044E-4
41507.34931979622         8.193165581967583E-4
41567.126199773134        8.560161117824867E-4
41626.9891675257          8.927457391760601E-4
41686.93834703355         9.295272185580251E-4
41746.9738624546          9.663822237986911E-4
41807.095838125584        0.0010033323727197808
41867.30439856254         0.0010403992748388119
41927.59966846059         0.0010776045788047756
41987.981772694424        0.0011149700197368342
42048.45083631883         0.0011525174666782501
42109.00698456835         0.0011902689703801152
42169.65034285822         0.001228246811634627
42230.38103678406         0.0012664735503792864
42291.19919212234         0.0013049720758023119
42352.10493483093         0.0013437656576852349
42413.09839104886         0.0013828779992279322
42474.17968709678         0.0014223332916140942
42535.348949477564        0.0014621562705868323
42596.606304875895        0.0015023722753196539
42657.95188015926         0.0015430073098878052
42719.38580237758         0.0015840881076627628
42780.90819876377         0.001625642198979139
42842.51919673422         0.0016676979824483162
42904.21892388857         0.0017102848003235343
42966.00750801022         0.0017534330183573113
43027.88507706685         0.001797174110629447
43089.851759210185        0.0018415407498678428
43151.9076827765          0.0018865669038356586
43214.05297628716         0.0019322879384127353
43276.28776844835         0.0019787407280622694
43338.612188151616        0.0020259637744467927
43401.026364474405        0.002073997334036313
43463.53042667976         0.0021228835556423025
43526.1245042169          0.0021726666289161745
43588.808726721756        0.0022233929449653896
43651.58322401656         0.0022751112703725744
43714.448126110896        0.00232787293605565
43777.40356320129         0.002381732042573671
43840.44966567179         0.002436745683681617
43903.58656409447         0.0024929741901567088
43966.81438922919         0.0025504813961726366
44030.133272024126        0.002609334930790487
44093.543343616286        0.0026696065374668793
44157.044735331205        0.002731372424862603
44220.63757868389         0.0027947136526799755
44284.32200537849         0.0028597165567626304
44348.09814730881         0.0029264732182866025
44411.96613655889         0.002995081982553704
44475.92610540271         0.003065648033694981
44539.978186304754        0.003138284032523956
44604.122511920534        0.003213110825863053
44668.359215096345        0.003290258236940363
44732.688428869806        0.003369865947954032
44797.11028647038         0.0034520844876648822
44861.62492131914         0.0035370763389665945
44926.232467029324        0.0036250171838641773
44990.93305740684         0.0037160973062399898
45055.72682645002         0.003810523176311493
45120.61390835022         0.003908519244915854
45185.59443749226         0.004010329980840101
45250.66854845418         0.004116222190562198
45315.83637600818         0.0042264876672289346
45381.098055120274        0.004341446224773364
45446.45372095085         0.004461449184198099
45511.90350885523         0.004586883392712244
45577.447554383376        0.0047181758732923965
45643.08599328049         0.0048557992232078065
45708.818961487515        0.005000277906216757
45774.646595140825        0.005152195615998511
45840.5690305732          0.005312203929887954
45906.58640431349         0.0054810325247030426
45972.69885308718         0.005659501293924472
46038.90651381692         0.005848534792376768
46105.209523622274        0.006049179547324007
46171.60801982028         0.006262624922381941
46238.102139926035        0.006490228415136504
46304.69202165236         0.006733546528126871
46371.37780291043         0.00699437270040708
46438.15962181031         0.0072747842583945
46505.03761666067         0.007577200991323001
46572.01192596939         0.007904458853707382
46639.08268844408         0.008259903557414587
46706.250042991844        0.008647510610246953
46773.51412871981         0.00907204095033553
46840.87508493576         0.009539245130962727
46908.333051147696        0.010056134693857566
46975.88816706492         0.010631348020166468
47043.540572597645        0.011275651394880492
47111.290407857596        0.012002637409857624
47179.13781315854         0.01282971774124869
47247.08292901604         0.01377956598314781
47315.12589614803         0.014882267994254994
47383.26685547538         0.016178620491142683
47451.505948121536        0.017725362990738555
47519.84331541354         0.019603807987998503
47588.279098881714        0.021934756403290387
47656.813440260164        0.02490577473359518
47725.44648148744         0.028824696874417376
47794.1783647062          0.03423435878955215
47863.0092322638          0.04218951349071045
47931.939226712915        0.05504529699849451
48000.968490811196        0.0793453082262013
48070.097167521904        0.14241970457300826
48139.32540001449         0.6129774003446825
48208.65333166426         0.22176693154747956
48278.08110605305         0.09809668557610443
48347.608866969735        0.06259567307254091
48417.23675840999         0.0458228354627243
48486.96492457686         0.036054603263438186
48556.79350988136         0.02965938075509351
48626.72265894209         0.02514533199764739
48696.75251658631         0.02178711227853048
48766.88322784956         0.019189716777169706
48837.11493797625         0.01711967295644473
48907.44779242026         0.015430137336368055
48977.881936844664        0.014024130268798764
49048.41751712229         0.01283502788522133
49119.05467933636         0.011815547221650435
49189.79356978007         0.010931202715502972
49260.63433495771         0.010156250762831692
49331.57712158425         0.009471084449407276
49402.62207658594         0.008860507519823164
49473.769347100955        0.008312559848987749
49545.019080479055        0.007817699231810072
49616.3714242822          0.007368219451499289
49687.82652628518         0.0069578286804421385
49759.38453447528         0.006581338940325401
49831.04559705293         0.006234433925759234
49902.809862432274        0.005913493052083226
49974.677479240905        0.00561545645890199
50046.64859632047         0.0053377202624926975
50118.72336272725         0.005078054433887707
50190.9019277319          0.004834537798692672
50263.184440820056        0.004605506133416041
50335.571051692925        0.004389510379405691
50408.06191026691         0.004185282745454559
50480.65716667471         0.003991709014164118
50553.35697126495         0.0038078057662452812
50626.16147460276         0.003632701532714819
50699.070827470445        0.0034656211063385195
50772.085180867114        0.0033058724108767272
50845.20468600936         0.003152835454049399
50918.42949433187         0.003005952987951482
50991.759757486965        0.002864722576323465
51065.19562734582         0.0027286898270475215
51138.73725599802         0.002597442594518991
51212.38479575215         0.002470605993065523
51286.13839913648         0.002347838091615826
51359.998218898625        0.0022288261830123437
51433.96440800618         0.0021132835399894595
51508.037119647335        0.00200094658489745
51582.21650723061         0.0018915724124737188
51656.502724385435        0.0017849366149342563
51730.8959249628          0.0016808313668479067
51805.39626303498         0.0015790637340104602
51880.00389289609         0.001479454176145061
51954.71896906282         0.0013818352179676278
52029.541646274025        0.0012860502671640996
52104.47207949143         0.0011919525613188582
52179.510423900254        0.001099404229029864
52254.65683490876         0.0010082754536023916
52329.91146814947         9.184437312637455E-4
52405.2744794787          8.297932206262836E-4
52480.74602497723         7.422141878815658E-4
52556.326260950955        6.556025671231226E-4
52632.01534393053         5.698596880380887E-4
52707.81343067205         4.8489230502724094E-4
52783.7206781577          4.006132941868156E-4
52859.73724359527         3.169441599895177E-4
52935.86328441943         2.3382372363383382E-4
53012.09895829124         1.5124635728136157E-4
53088.444423098794        6.957262511181647E-5
53164.89983695792         2.0071470187269705E-5
53241.46535821183         9.720684750580161E-5
53318.14114543177         1.786481808559788E-4
53394.92735741767         2.6035572125195674E-4
53471.824153197835        3.421848660145814E-4
53548.8316920296          4.2415730956114623E-4
53625.95013339997         5.063262093123441E-4
53703.17963702533         5.887540521781585E-4
53780.520362852054        6.715069008523028E-4
53857.972471057205        7.546525342534132E-4
53935.53612204821         8.382598037535673E-4
54013.211476463475        9.223984437699924E-4
54090.99869517311         0.0010071390761858898
54168.897939278446        0.0010925533069674797
54246.90937011326         0.0011787138714061038
54325.03314924336         0.0012656948080572979
54403.26943846722         0.0013535716519706693
54481.618399816674        0.0014424216428362093
54560.080195556555        0.0015323239462498644
54638.6549881854          0.0016233598877154485
54717.34294043609         0.001715613199826169
54796.14421527542         0.0018091702836017087
54875.05897590533         0.0019041204853404183
54954.08738576248         0.002000556390641308
55033.22960851888         0.0020985741375258962
55112.48580808259         0.0021982737508455114
55191.856148597384        0.0022997595004282303
55271.34079444345         0.002403140285711793
55350.939910238034        0.0025085300499239536
55430.6536608351          0.00261604822722755
55510.48221132605         0.002725820226655039
55590.42572704037         0.002837977957110665
55670.48437354532         0.0029526603982416794
55750.65831664657         0.0030700142225824805
55830.947722388955        0.0031901944750589014
55911.35275705608         0.003313365316729973
55991.87358717101         0.0034397008405605057
56072.510379497005        0.0035693859680668632
56153.263301037           0.003702617436897106
56234.13251903491         0.0038396048908291673
56315.118200975165        0.003980572085306905
56396.220514583394        0.004125758223565437
56477.43962782713         0.004275419440636332
56558.77570891545         0.0044298304551562305
56640.228926299664        0.00458928641200446
56721.79944867406         0.004754104942439502
56803.48744497538         0.004924628472721728
56885.29308438413         0.005101226817339807
56967.21653632412         0.005284300099043459
57049.25797046315         0.005474282045180481
57131.41755671372         0.005671643718558862
57213.695465232675        0.005876897751557548
57296.09186642192         0.006090603164904314
57378.606930929105        0.006313370867917891
57461.24082964729         0.006545869955749396
57543.993733715666        0.006788834942088588
57626.865814520206        0.007043074093962766
57709.85724369338         0.0073094790700441
57792.96819311484         0.007589036107069334
57876.19883491209         0.007882839052850378
57959.5493414602          0.008192104611967137
58043.019885382484        0.00851819025559555
58126.610639551196        0.008862615355324156
58210.3217770871          0.009227086239413542
58294.15347136074         0.00961352604841459
58378.10589599199         0.010024110498457056
58462.17922485076         0.010461310963024429
58546.37363205773         0.010927946682639722
58630.68929198396         0.011427248441861559
58715.12637925163         0.011962936764250786
58799.6850687348          0.012539318640069259
58884.36553555884         0.013161408122460033
58969.16795510185         0.013835077958825838
59054.09250299413         0.014567251993482114
59139.1393551189          0.015366151732032141
59224.308687613055        0.01624161573117135
59309.600676866794        0.017205518208033437
59395.01549952432         0.01827232479227483
59480.55333248463         0.01945984086545488
59566.214352901094        0.020790235118495738
59651.998738182214        0.02229146411901283
59737.90666599235         0.023999293973406836
59823.93831425137         0.025960232966428423
59910.09386113537         0.02823589292682732
59996.373485077405        0.030909663038161624
60082.777364767135        0.034097264966514225
60169.30567915158         0.03796410494793399
60255.95860743581         0.04275514189358628
60342.7363290825          0.048849239705028975
60429.63902381328         0.056865114827851324
60516.66687160822         0.06788672303982808
60603.8200527066          0.0840013621622819
60691.09874760763         0.10980803538254666
60778.50313707011         0.1578057104412316
60866.03340211315         0.2778617124264012
60953.689724016935        1.0393299273178065
61041.47228432222         0.5185131593663426
61129.38126483169         0.21815179578052013
61217.41684760951         0.13798492949172164
61305.57921498202         0.10101644330259717
61393.86854953852         0.07975041109059225
61482.285034130895        0.06593215260032163
61570.828851874365        0.056228336565561164
61659.50018614822         0.04903596557103754
61748.2992205955          0.0434887688253756
61837.22613912369         0.039077632799564305
61926.28112590553         0.035483751045127125
62015.464365378604        0.03249730701034839
62104.776042246114        0.029974565961156743
62194.216341477644        0.027813756503205684
62283.785448308794        0.0259407958959511
62373.483548241915        0.024300470668626777
62463.310827046895        0.022850785995497832
62553.267470760664        0.021559230655271138
62643.353665688555        0.020400240490587446
62733.569598403854        0.019353434481093112
62823.91545574852         0.018402362139517608
62914.391424834           0.017533597271919634
63004.9976930408          0.01673607128156143
63095.7344480193          0.016000575255738034
63186.6018776905          0.015319382995059012
63277.60017024552         0.014685962037855403
63368.72951414703         0.014094749605026784
63459.99009812872         0.013540977055398076
63551.382111196086        0.013020531016143717
63642.905742627205        0.012529842541059889
63734.56118197236         0.012065797902894018
63826.34861905483         0.011625666239510888
63918.268243971615        0.011207040443111061
64010.320247093136        0.010807788538777601
64102.50481906396         0.01042601343333861
64194.82215080359         0.010060019390226188
64287.27243350613         0.00970828394424527
64379.85585864097         0.0093694342428368
64472.5726179537          0.009042227009670127
64565.422903465624        0.008725531488170181
64658.40690747459         0.008418314848536612
64751.524822555795        0.008119629640571276
64844.77684156122         0.007828602952525089
64938.16315762113         0.007544426997976769
65031.68396414353         0.007266350902106477
65125.33945481495         0.006993673498278248
65219.129823601266        0.0067257369777561134
65313.055264747294        0.006461921261212836
65407.11597277759         0.006201638981686053
65501.31214249725         0.00594433098579919
65595.64396899138         0.005689462274118872
65690.11164762662         0.005436518313065865
65784.71537405049         0.0051850016603578125
65879.45534419233         0.0049344288538559255
65974.33175426403         0.004684327520314882
66069.34480075965         0.00443423366613081
66164.49468045622         0.004183689117037456
66259.78159041461         0.003932239078142605
66355.20572797903         0.003679429790121272
66450.76729077792         0.0034248062624355436
66546.46647672473         0.0031679100713620403
66642.30348401755         0.0029082772217234767
66738.27851113988         0.002645436091714841
66834.39175686149         0.002378905522169519
66930.64342023799         0.0021081932055475204
67027.03370061168         0.001832794760873588
67123.5627976123          0.0015521945150772877
67220.23091115663         0.0012658710184751472
67317.03824144982         9.733180435070708E-4
67413.98498898499         6.741316238703136E-4
67511.07135454398         3.6855918098997715E-4
67608.29753919819         7.394736516402723E-5
67705.6637443082          2.8181210829627184E-4
67803.17017152456         6.132643382268868E-4
67900.81702278867         9.573533731970787E-4
67998.60450033216         0.001313278429382515
68096.53280667852         0.0016816469436652707
68194.60214464241         0.0020633293651048583
68292.81271733064         0.0024593201244687297
68391.16472814293         0.0028707106087730184
68489.65838077146         0.00329868637446793
68588.29387920182         0.0037445321191916085
68687.07142771377         0.004209640181469429
68785.99123088081         0.004695521310660314
68885.0534935711          0.005203817362028295
68984.25842094826         0.005736315914656639
69083.60621847092         0.00629496697115721
69183.09709189362         0.006881901997710051
69282.73124726767         0.0074994556437722555
69382.50889094065         0.008150190560876566
69482.43022955734         0.008836925828634235
69582.49547006056         0.009562769599701476
69682.70481969057         0.010331156699924035
69783.05848598664         0.01114589207146617
69883.55667678652         0.01201120113291011
69984.19960022731         0.012931788360804632
70084.98746474623         0.013912905683943502
70185.92047908028         0.014960432640809089
70286.99885226708         0.016080970702972226
70388.2227936457          0.017281954740348746
70489.59251285616         0.018571785335015186
70591.10821984093         0.019959986588421887
70692.77012484439         0.021457395279368803
70794.57843841374         0.02307638880933462
70896.5333713998          0.02483116144445388
70998.63513495665         0.026738061106893408
71100.88394054242         0.028816002632254062
71203.27999992025         0.03108697834920515
71305.8235251578          0.033576693565451156
71408.5147286281          0.03631536380850824
71511.35382301052         0.03933872357722993
71614.34102129027         0.042689314572781835
71717.47653675928         0.04641814743100016
71820.7605830171          0.050586868804627025
71924.19337397043         0.05527062146093516
72027.77512383407         0.06056186889429451
72131.50604713174         0.06657558433638673
72235.38635869553         0.07345640491015304
72339.41627366748         0.08138867349060491
72443.59600749906         0.09061082027812929
72547.92577595201         0.1014364333994626
72652.40579509924         0.11428594063027009
72757.0362813244          0.12973568884469164
72861.81745132274         0.14859666065934998
72966.74952210208         0.17204599648780391
73071.83271098211         0.2018577693763073
73177.06723559614         0.24083281587167157
73282.45331389045         0.2936612438475208
73387.99116412514         0.3688273480716512
73493.68100487516         0.4833945387183224
73599.52305502974         0.677445406093403
73705.51753379339         1.072253919391847
73811.66466068671         2.277976342953281
73917.96465554602         11.829941263144159
74024.41773852424         2.297740536904858
74131.02413009177         1.2585064631079301
74237.7840510361          0.8982946480570945
74344.69772246266         0.7193473087010666
74451.7653657958          0.6151162984083864
74558.98720277824         0.5493325470836795
74666.36345547208         0.5064108131546695
74773.8943462597          0.47869330993365145
74881.58009784308         0.4621521444931129
74989.42093324558         0.4546881014781399
75097.41707581127         0.45540691777372033
75205.56874920588         0.464345163412509
75313.87617741771         0.4824766854651543
75422.33958475715         0.5120021184746617
75530.95919585766         0.5570972990814338
75639.73523567668         0.6256627662380538
75748.66792949496         0.7337312469966737
75857.75750291836         0.9185172918305233
75967.00418187714         1.2889711226324596
76076.40819262696         2.350713703191699
76185.96976174976         12.38233627382901
76295.68911615336         2.4015366124688424
76405.56648307234         1.1265563555625038
76515.602090069           0.7126727550185826
76625.79616503292         0.5097690981436768
76736.14893618185         0.39007682949199673
76846.66063206269         0.31155376571994975
76957.33148155098         0.25634559215639807
77068.16171385194         0.21558816317259813
77179.15155850127         0.1843863059042864
77290.30124536486         0.1598187199674828
77401.61100463955         0.14003588454707777
77513.08106685421         0.12381096523003206
77624.71166286911         0.110298889786273
77736.50302387758         0.09889912816257054
77848.45538140544         0.08917360674304593
77960.56896731192         0.08079554882776072
78072.8440137907          0.07351646078211573
78185.28075336931         0.06714418105868393
78297.8794189102          0.06152790069285215
78410.64024361165         0.056547705499156234
78523.5634610071          0.05210712637808536
78636.64930496701         0.048127736316081964
78749.89800969815         0.044545168185284686
78863.30980974456         0.04130613680803511
78976.88493998855         0.03836618253109963
79090.62363565026         0.035687940893185104
79204.5261322885          0.03323980110860582
79318.59266580189         0.030994855484043644
79432.82347242821         0.028930069013993504
79547.21878874554         0.02702561736270198
79661.7788516731          0.02526435487785038
79776.50389847084         0.023631383924856576
79891.3941667404          0.022113703833576585
80006.4498944261          0.020699922890478884
80121.67131981443         0.019380020622547376
80237.05868153504         0.018145150474333262
80352.61221856177         0.01698747513677861
80468.33217021194         0.015900028429822844
80584.21877614818         0.014876598902707556
80700.27227637779         0.01391163129221534
80816.49291125368         0.01300014273953383
80932.88092147544         0.012137651262914563
81049.43654808882         0.011320114453973821
81166.16003248664         0.010543876739120705
81283.05161640995         0.009805623845980998
81400.11154194722         0.009102343354216683
81517.34005153623         0.008431290403431574
81634.73738796344         0.007789957787821187
81752.30379436494         0.007176049795233604
81870.03951422746         0.006587459253611763
81987.94479138794         0.006022247335127943
82106.0198700344          0.005478625741914971
82224.26499470712         0.004954940961220396
82342.68041029798         0.004449660336620012
82461.26636205157         0.003961359762628195
82580.02309556617         0.0034887128861210972
82698.95085679326         0.0030304818204407355
82818.04989203853         0.0025855096294400207
82937.32044796288         0.0021527154689416276
83056.76277158194         0.0017310951598677026
83176.37711026709         0.0013197368568180965
83296.16371174644         9.178945248810104E-4
83416.12282410423         5.254119765014724E-4
83536.25469578261         1.498071687566132E-4
83656.55957558108         2.546032831829451E-4
83777.03771265736         6.237710990549598E-4
83897.68935652859         9.91813793448698E-4
84018.5147570707          0.0013562774737933066
84139.51416451948         0.0017174420236543764
84260.68782947162         0.002075903866236572
84382.036002884           0.002432335786852994
84503.55893607564         0.0027874382116101146
84625.25688072697         0.003141927348269751
84747.13008888085         0.0034965336072318694
84869.17881294368         0.0038520037161884706
84991.40330568478         0.0042091045111957515
85113.80382023759         0.004568627714193205
85236.38061010055         0.0049313954673156826
85359.13392913666         0.005298266581122903
85482.06403157455         0.005670143544052375
85605.17117200949         0.006047980394620264
85728.45560540287         0.006432791599699401
85851.91758708328         0.006825662122080841
85975.55737274753         0.007227758904077234
86099.37521846016         0.007640344045132302
86223.37138065448         0.008064790013855553
86347.54611613363         0.008502597312541795
86471.89968206987         0.008955415109975698
86596.43233600653         0.009425065482486733
86721.14433585736         0.00991357206209533
86846.03593990747         0.010423194095559182
86971.10740681452         0.010956467184429861
87096.35899560814         0.011516252325076415
87221.79096569099         0.01210579532845835
87347.40357683986         0.012728799313546858
87473.1970892049          0.013389513794600984
87599.1717633117          0.014092845005690935
87725.32786006045         0.014844493649181001
87851.66564072711         0.015651128400760057
87978.18536696443         0.016520606524942572
88104.88730080146         0.017462257267612972
88231.77170464462         0.01848724993986639
88358.83884127875         0.01960907780520029
88486.0889738666          0.02084420266360445
88613.52236594995         0.022212926077948184
88741.1392814506          0.023740586036734235
88868.93998466997         0.025459230325224427
88996.92474029005         0.027410003943014502
89125.0938133746          0.02964663327301904
89253.44746936852         0.032240643532473426
89381.98597409905         0.03528940634912462
89510.70959377677         0.038928986261551037
89639.61859499493         0.04335549260541361
89768.71324473142         0.04886231978313887
89897.9938103481          0.05590901742581315
90027.46055959184         0.0652582860024466
90157.1137605957          0.07827518274681178
90286.95368187831         0.0976674484204594
90416.980592345           0.12967121830871922
90547.19476128895         0.19254468838989588
90677.5964583904          0.3717355086638039
90808.18595371871         2.1817777408599826
90938.96351773164         0.41200538458082914
91069.92942127644         0.20276253261524962
91201.08393559097         0.1341141203870064
91332.42733230317         0.10007657287420095
91463.95988343218         0.07974407264107522
91595.6818613894          0.06621988461453768
91727.59353897804         0.05656886330236288
91859.69518939413         0.049330720422499266
91991.98708622777         0.04369716826559881
92124.46950346246         0.0391845558428951
92257.14271547628         0.035485603924803794
92390.00699704306         0.032395012649678714
92523.06262333173         0.029763281982392465
92656.30986990755         0.027544443984406166
92789.74901273317         0.025578614465737382
92923.38032816793         0.023857851164632578
93057.2040929699          0.02233477469872466
93191.2205842952          0.020975772348376363
93325.43007969906         0.019754696657462788
93459.83285713701         0.018650724864418457
93594.42919496431         0.017647032563224533
93729.21937193711         0.016729866684952157
93864.20366721356         0.01588787045015285
93999.38236035308         0.015111580566113336
94134.75573131847         0.014393046521440848
94270.32406047513         0.01372553840065476
94406.08762859226         0.013103319971513034
94542.04671684396         0.012521470586097413
94678.20160680868         0.011975744039723832
94814.55258047042         0.011462455722745762
94951.09992021983         0.010978391651412251
95087.84390885367         0.010520734575499948
95224.78482957596         0.010087003529243835
95361.9229659992          0.009675004049793058
95499.25860214369         0.009282786923563718
95636.79202243882         0.008908613797357155
95774.52351172415         0.008550928351364433
95912.4533552489          0.008208332005839616
96050.58183867305         0.00787956334432714
96188.90924806858         0.0075634805998286295
96327.43586991869         0.007259046677803097
96466.16199111992         0.006965316289983927
96605.08789898141         0.006681424852111003
96744.21388122605         0.006406578861504763
96883.54022599172         0.006140047520650224
97023.06722183063         0.005881155413301255
97162.79515771057         0.005629276072167153
97302.7243230161          0.005383826303650235
97442.8550075477          0.005144261156590121
97583.18750152404         0.0049100694395051115
97723.72209558112         0.004680769705224132
97864.45908077352         0.004455906633591949
98005.39874857561         0.004235047752666079
98146.54139088086         0.004017780446835742
98287.88730000316         0.003803709206894187
98429.43676867796         0.0035924530825703458
98571.1900900617          0.0033836433025569235
98713.14755773301         0.0031769210308671752
98855.3094656939          0.002971935231642204
98997.67610836924         0.002768340617548426
99140.24778060782         0.0025657956600501595
99283.02477768378         0.0023639606438216735
99426.00739529578         0.0021624957537220773
99569.1959295684          0.0019610591939943633
99712.5906770533          0.0017593053623883822
99856.19193472837         0.0015568831533497708
100000                    0.001353434589495959
